#title: Spectral profile - NGC_1052.SPW3.contsub.NatClean.image-raster
#region (world): Point[[02:41:04.798, -08d15m20.751]]
#region (pixel): Point[[256, 256]]
#coordinate: world
#xLabel: frequency [GHz]
#yLabel: [Jy/beam] Mean

# NGC_1052.SPW3.contsub.NatClean.image-raster
3.186855163574e+02 -1.421548791694e-03
3.186864929199e+02 5.454902311973e-04
3.186874694824e+02 -3.139148622841e-03
3.186884460449e+02 -5.799645699358e-03
3.186894226074e+02 1.969332430918e-03
3.186903991699e+02 -3.785487891231e-04
3.186913757324e+02 -1.362639372698e-03
3.186923522949e+02 -4.585847595593e-03
3.186933288574e+02 -1.605293081952e-04
3.186943054199e+02 -7.971865317379e-04
3.186952819824e+02 4.430367262986e-04
3.186962585449e+02 -1.427478262038e-04
3.186972351074e+02 -1.785390938683e-03
3.186982116699e+02 1.590586141795e-03
3.186991882324e+02 1.861578910556e-03
3.187001647949e+02 -1.781505550124e-03
3.187011413574e+02 -3.913311846162e-04
3.187021179199e+02 -1.801490273211e-04
3.187030944824e+02 2.771827412176e-04
3.187040710449e+02 3.524229932330e-03
3.187050476074e+02 1.353072230710e-03
3.187060241699e+02 -1.647939909291e-04
3.187070007324e+02 2.909047741780e-03
3.187079772949e+02 4.197812279769e-03
3.187089538574e+02 1.123309069582e-03
3.187099304199e+02 -2.826203838118e-04
3.187109069824e+02 -4.732557044700e-03
3.187118835449e+02 -2.645869380738e-03
3.187128601074e+02 1.259472072342e-03
3.187138366699e+02 3.293210186021e-03
3.187148132324e+02 4.117241101320e-03
3.187157897949e+02 2.742372643073e-03
3.187167663574e+02 -5.397619503810e-03
3.187177429199e+02 -2.787268532580e-03
3.187187194824e+02 -7.692041762447e-04
3.187196960449e+02 1.101125531045e-03
3.187206726074e+02 2.396227086156e-04
3.187216491699e+02 4.904115909813e-03
3.187226257324e+02 3.726629195789e-03
3.187236022949e+02 -3.032621885337e-04
3.187245788574e+02 9.745781288515e-04
3.187255554199e+02 -3.496736454157e-04
3.187265319824e+02 8.826535614350e-05
3.187275085449e+02 7.041631079394e-04
3.187284851074e+02 1.936862799134e-03
3.187294616699e+02 -1.804427888268e-04
3.187304382324e+02 1.357071821774e-03
3.187314147949e+02 -2.703291306149e-03
3.187323913574e+02 -4.884732895644e-04
3.187333679199e+02 -4.197401246119e-03
3.187343444824e+02 3.228171501902e-03
3.187353210449e+02 -9.318423117734e-04
3.187362976074e+02 -5.552560116333e-03
3.187372741699e+02 -3.391622227591e-03
3.187382507324e+02 -3.767084539050e-03
3.187392272949e+02 -5.283943904081e-03
3.187402038574e+02 -2.273362744545e-03
3.187411804199e+02 1.469929884157e-03
3.187421569824e+02 1.781331146926e-03
3.187431335449e+02 -1.595370487649e-03
3.187441101074e+02 3.460717604027e-03
3.187450866699e+02 2.848564998505e-03
3.187460632324e+02 4.693773015758e-03
3.187470397949e+02 2.865950720537e-03
3.187480163574e+02 1.427048870157e-03
3.187489929199e+02 1.028345991341e-03
3.187499694824e+02 -6.914902061839e-04
3.187509460449e+02 -3.738944469659e-03
3.187519226074e+02 -2.753579747335e-03
3.187528991699e+02 2.100061277955e-03
3.187538757324e+02 6.009486007023e-04
3.187548522949e+02 -3.303757466834e-04
3.187558288574e+02 -1.797857608358e-03
3.187568054199e+02 6.758931600214e-04
3.187577819824e+02 1.911762596574e-04
3.187587585449e+02 2.605898504053e-04
3.187597351074e+02 3.125225215579e-03
3.187607116699e+02 2.624103193944e-03
3.187616882324e+02 -1.696904978288e-03
3.187626647949e+02 -5.427044291775e-04
3.187636413574e+02 1.564647391249e-03
3.187646179199e+02 3.554694582978e-03
3.187655944824e+02 -1.585502461400e-03
3.187665710449e+02 4.898905986775e-03
3.187675476074e+02 6.435175247671e-04
3.187685241699e+02 1.546608879116e-03
3.187695007324e+02 5.596464899759e-03
3.187704772949e+02 4.145138937423e-03
3.187714538574e+02 6.347018185722e-04
3.187724304199e+02 -4.484127257662e-03
3.187734069824e+02 -1.135326677842e-03
3.187743835449e+02 -2.321589580179e-03
3.187753601074e+02 2.316963782688e-04
3.187763366699e+02 -1.054221084123e-03
3.187773132324e+02 2.323375573840e-03
3.187782897949e+02 4.293216432402e-03
3.187792663574e+02 2.739493500175e-03
3.187802429199e+02 4.315599169671e-03
3.187812194824e+02 2.703592667247e-03
3.187821960449e+02 1.101819448353e-03
3.187831726074e+02 -1.527497602536e-03
3.187841491699e+02 -1.269205153668e-03
3.187851257324e+02 5.159454590764e-03
3.187861022949e+02 -1.051207234721e-03
3.187870788574e+02 -3.828793469135e-03
3.187880554199e+02 -4.222605905824e-03
3.187890319824e+02 -2.935244461240e-03
3.187900085449e+02 1.402857489461e-03
3.187909851074e+02 -1.694193324450e-03
3.187919616699e+02 -8.306745089259e-04
3.187929382324e+02 -2.026393509792e-04
3.187939147949e+02 1.090163044257e-03
3.187948913574e+02 1.553271963463e-03
3.187958679199e+02 6.616264180680e-03
3.187968444824e+02 4.880826228226e-03
3.187978210449e+02 6.500611763011e-05
3.187987976074e+02 6.703827103502e-04
3.187997741699e+02 1.782810534279e-03
3.188007507324e+02 -1.622143226424e-03
3.188017272949e+02 6.472171852440e-04
3.188027038574e+02 -1.171099599196e-03
3.188036804199e+02 -4.701002821094e-03
3.188046569824e+02 -4.853144399366e-03
3.188056335449e+02 -1.790491427588e-03
3.188066101074e+02 3.503514217845e-03
3.188075866699e+02 -3.426926596810e-04
3.188085632324e+02 9.681298000502e-04
3.188095397949e+02 -9.906142228482e-04
3.188105163574e+02 -2.197647437528e-03
3.188114929199e+02 5.036044359988e-03
3.188124694824e+02 2.601467017713e-03
3.188134460449e+02 1.602129535478e-03
3.188144226074e+02 6.579518630687e-04
3.188153991699e+02 -9.892821781834e-04
3.188163757324e+02 -1.214745221615e-03
3.188173522949e+02 6.548497987886e-04
3.188183288574e+02 8.307717837108e-04
3.188193054199e+02 -7.170518381238e-04
3.188202819824e+02 -2.166830881041e-03
3.188212585449e+02 1.972652409789e-03
3.188222351074e+02 5.403557557223e-03
3.188232116699e+02 1.411811776461e-04
3.188241882324e+02 1.037462164565e-03
3.188251647949e+02 1.185413774528e-03
3.188261413574e+02 -2.103056053869e-03
3.188271179199e+02 -9.780729281546e-04
3.188280944824e+02 -1.873231023117e-04
3.188290710449e+02 -2.668158419501e-03
3.188300476074e+02 -9.231120786431e-04
3.188310241699e+02 -2.989763163475e-03
3.188320007324e+02 1.076385072335e-03
3.188329772949e+02 -5.626673965678e-03
3.188339538574e+02 -3.667031700740e-03
3.188349304199e+02 -3.021688008780e-04
3.188359069824e+02 -8.745021043342e-04
3.188368835449e+02 8.252353464132e-04
3.188378601074e+02 4.610895137448e-04
3.188388366699e+02 -8.978658148937e-04
3.188398132324e+02 -1.837606815359e-04
3.188407897949e+02 -5.911192578702e-04
3.188417663574e+02 -1.596558289066e-03
3.188427429199e+02 -1.983024274124e-04
3.188437194824e+02 -1.443810293110e-03
3.188446960449e+02 1.250364482187e-03
3.188456726074e+02 4.646225494293e-04
3.188466491699e+02 6.623975949197e-04
3.188476257324e+02 1.823382702649e-03
3.188486022949e+02 3.369041364473e-03
3.188495788574e+02 -2.112184267232e-04
3.188505554199e+02 5.532070512078e-05
3.188515319824e+02 4.276741230966e-03
3.188525085449e+02 -1.027218152199e-03
3.188534851074e+02 1.520651174293e-03
3.188544311523e+02 -2.338626972651e-03
3.188554077148e+02 -7.337578645178e-03
3.188563842773e+02 1.006426978230e-03
3.188573608398e+02 -7.968011280865e-04
3.188583374023e+02 6.232558188830e-04
3.188593139648e+02 2.307725300727e-03
3.188602905273e+02 -1.576179340840e-04
3.188612670898e+02 2.158336026664e-03
3.188622436523e+02 3.887493795028e-03
3.188632202148e+02 3.566199233640e-03
3.188641967773e+02 4.048363758686e-04
3.188651733398e+02 -6.163177782970e-04
3.188661499023e+02 -2.264650213995e-03
3.188671264648e+02 5.657353669894e-03
3.188681030273e+02 1.637624460756e-03
3.188690795898e+02 -5.790907419600e-04
3.188700561523e+02 -8.665690237610e-04
3.188710327148e+02 -1.229565276492e-04
3.188720092773e+02 -4.538693166779e-03
3.188729858398e+02 -1.334680143808e-03
3.188739624023e+02 -1.917595716005e-03
3.188749389648e+02 7.143128257524e-04
3.188759155273e+02 3.255123531456e-03
3.188768920898e+02 3.896494812072e-03
3.188778686523e+02 1.308603199887e-04
3.188788452148e+02 3.821404161762e-03
3.188798217773e+02 2.798113002166e-03
3.188807983398e+02 2.109228711175e-03
3.188817749023e+02 8.139389424686e-03
3.188827514648e+02 2.532286764259e-03
3.188837280273e+02 -3.769622504945e-03
3.188847045898e+02 3.935226388924e-03
3.188856811523e+02 -6.587900534256e-05
3.188866577148e+02 5.981582091246e-04
3.188876342773e+02 -2.423619147022e-03
3.188886108398e+02 -3.194640072926e-03
3.188895874023e+02 4.853800527327e-03
3.188905639648e+02 4.733290897121e-03
3.188915405273e+02 3.030218625945e-04
3.188925170898e+02 -2.885315793707e-03
3.188934936523e+02 6.127299361389e-04
3.188944702148e+02 -2.793465985420e-03
3.188954467773e+02 -2.346377484189e-03
3.188964233398e+02 -9.151703553961e-04
3.188973999023e+02 -2.473180173088e-03
3.188983764648e+02 -6.144387537021e-03
3.188993530273e+02 -6.118018440920e-03
3.189003295898e+02 1.342061940995e-03
3.189013061523e+02 5.660522729798e-03
3.189022827148e+02 -3.324771085347e-04
3.189032592773e+02 1.802379574553e-03
3.189042358398e+02 5.369423167632e-03
3.189052124023e+02 2.174294813433e-03
3.189061889648e+02 2.705134281853e-03
3.189071655273e+02 -1.440419027080e-04
3.189081420898e+02 6.641026454691e-04
3.189091186523e+02 -1.985511158836e-03
3.189100952148e+02 -2.877577918355e-03
3.189110717773e+02 -1.428820081865e-03
3.189120483398e+02 4.093214706289e-03
3.189130249023e+02 2.531265379018e-03
3.189140014648e+02 1.698964795700e-03
3.189149780273e+02 -1.392541713100e-03
3.189159545898e+02 -1.857718913577e-03
3.189169311523e+02 -5.484355710169e-03
3.189179077148e+02 -1.795358504693e-03
3.189188842773e+02 -1.423639126686e-03
3.189198608398e+02 -4.713286146873e-03
3.189208374023e+02 -4.509021019526e-03
3.189218139648e+02 7.461694237354e-04
3.189227905273e+02 -1.095294408370e-03
3.189237670898e+02 1.390986270216e-03
3.189247436523e+02 -3.125223069812e-04
3.189257202148e+02 -1.183736380535e-03
3.189266967773e+02 -2.629596596686e-03
3.189276733398e+02 -1.355311577321e-03
3.189286499023e+02 -8.444956942175e-04
3.189296264648e+02 -1.182773527057e-03
3.189306030273e+02 -7.873416320928e-04
3.189315795898e+02 1.278208316479e-03
3.189325561523e+02 -3.544127632631e-03
3.189335327148e+02 -1.299043240260e-03
3.189345092773e+02 1.613923268681e-03
3.189354858398e+02 9.896236532096e-04
3.189364624023e+02 1.671095450619e-03
3.189374389648e+02 -4.750895249001e-03
3.189384155273e+02 -2.783224118822e-04
3.189393920898e+02 -6.422541446564e-04
3.189403686523e+02 -1.036942173619e-03
3.189413452148e+02 -4.860238306105e-03
3.189423217773e+02 -5.542384887730e-03
3.189432983398e+02 -1.558299883710e-04
3.189442749023e+02 -1.723088346308e-03
3.189452514648e+02 -2.361845367080e-03
3.189462280273e+02 1.743990265712e-03
3.189472045898e+02 1.432987400407e-03
3.189481811523e+02 1.239287435267e-03
3.189491577148e+02 -2.980724416689e-04
3.189501342773e+02 -8.903024619496e-04
3.189511108398e+02 2.593368176615e-03
3.189520874023e+02 2.012353992676e-03
3.189530639648e+02 2.392828101324e-03
3.189540405273e+02 2.160970075251e-03
3.189550170898e+02 -1.923729034243e-03
3.189559936523e+02 -7.506235956045e-03
3.189569702148e+02 2.322800985037e-03
3.189579467773e+02 2.494350790243e-03
3.189589233398e+02 2.208362922656e-03
3.189598999023e+02 -5.247355948775e-04
3.189608764648e+02 -2.196057185530e-03
3.189618530273e+02 4.936438735349e-04
3.189628295898e+02 -4.072549238522e-04
3.189638061523e+02 -1.147052104119e-03
3.189647827148e+02 7.807110322791e-04
3.189657592773e+02 -9.867804519141e-04
3.189667358398e+02 -4.717334017701e-03
3.189677124023e+02 -4.478042338397e-03
3.189686889648e+02 1.727727972077e-03
3.189696655273e+02 1.727916322764e-03
3.189706420898e+02 -4.118743138440e-03
3.189716186523e+02 -4.279849255711e-03
3.189725952148e+02 -1.496990394170e-03
3.189735717773e+02 -7.614976529371e-04
3.189745483398e+02 -3.169234187930e-03
3.189755249023e+02 -2.981482170574e-03
3.189765014648e+02 3.406533403074e-03
3.189774780273e+02 1.398486084605e-03
3.189784545898e+02 8.297895587229e-04
3.189794311523e+02 7.265262352795e-04
3.189804077148e+02 -1.252331554768e-03
3.189813842773e+02 -1.360932355195e-04
3.189823608398e+02 -8.182269127384e-04
3.189833374023e+02 -1.415503926753e-03
3.189843139648e+02 1.365547841082e-04
3.189852905273e+02 -1.727888189370e-03
3.189862670898e+02 -1.902733684554e-04
3.189872436523e+02 -2.137546163997e-03
3.189882202148e+02 1.980704163216e-03
3.189891967773e+02 2.059126951746e-03
3.189901733398e+02 -2.356073968261e-03
3.189911499023e+02 -1.932657810455e-03
3.189921264648e+02 -1.212879953773e-03
3.189931030273e+02 -7.196777208741e-04
3.189940795898e+02 6.477735946294e-04
3.189950561523e+02 1.370365207911e-03
3.189960327148e+02 -2.905926842431e-03
3.189970092773e+02 -3.905399984843e-03
3.189979858398e+02 1.854122937247e-06
3.189989624023e+02 1.035555531097e-03
3.189999389648e+02 4.417367787366e-04
3.190009155273e+02 2.318891635410e-03
3.190018920898e+02 -3.672811682628e-03
3.190028686523e+02 -3.957091996271e-03
3.190038452148e+02 8.722871956291e-04
3.190048217773e+02 2.198455438131e-03
3.190057983398e+02 -1.273594082290e-03
3.190067749023e+02 -4.251761638410e-03
3.190077514648e+02 -5.233507881788e-03
3.190087280273e+02 -1.562133148004e-03
3.190097045898e+02 -3.566969087269e-03
3.190106811523e+02 -3.258709108638e-03
3.190116577148e+02 -2.167291982595e-03
3.190126342773e+02 1.637275177521e-03
3.190136108398e+02 3.669597800029e-03
3.190145874023e+02 -1.137729460396e-03
3.190155639648e+02 -5.327049031555e-03
3.190165405273e+02 -1.639859873460e-03
3.190175170898e+02 -2.018891907263e-03
3.190184936523e+02 4.282699311541e-03
3.190194702148e+02 -4.070250585287e-04
3.190204467773e+02 -1.152281935109e-03
3.190214233398e+02 -2.691851028506e-03
3.190223999023e+02 -1.857623307722e-03
3.190233764648e+02 -9.985510734153e-05
3.190243530273e+02 -4.409673900244e-03
3.190253295898e+02 -3.104889540327e-03
3.190263061523e+02 -3.463523075580e-03
3.190272827148e+02 -9.176650483170e-04
3.190282592773e+02 -1.677576621581e-03
3.190292358398e+02 -3.729134021500e-03
3.190302124023e+02 -2.183351620427e-03
3.190311889648e+02 3.729888079897e-04
3.190321655273e+02 1.003446865059e-03
3.190331420898e+02 9.142683135603e-05
3.190341186523e+02 -2.276934970285e-03
3.190350952148e+02 1.402367159278e-05
3.190360717773e+02 -1.385850137731e-03
3.190370483398e+02 5.600052622708e-03
3.190380249023e+02 2.131906372241e-03
3.190390014648e+02 -1.592942998968e-04
3.190399780273e+02 8.081411507122e-04
3.190409545898e+02 -1.518235159507e-03
3.190419311523e+02 -2.536864639614e-03
3.190429077148e+02 -6.947377534878e-03
3.190438842773e+02 -1.203467545451e-03
3.190448608398e+02 1.401563710980e-03
3.190458374023e+02 -5.738057766707e-04
3.190468139648e+02 -6.710426172457e-03
3.190477905273e+02 9.542382216697e-04
3.190487670898e+02 2.113514762176e-03
3.190497436523e+02 -6.041027594444e-04
3.190507202148e+02 -9.530333733230e-04
3.190516967773e+02 -3.251548861925e-04
3.190526733398e+02 -4.930707152436e-04
3.190536499023e+02 4.572868564368e-03
3.190546264648e+02 6.464522191967e-04
3.190556030273e+02 2.674018986872e-03
3.190565795898e+02 1.305813851391e-03
3.190575561523e+02 5.106756929722e-03
3.190585327148e+02 -9.207523902490e-04
3.190595092773e+02 -3.857940857070e-03
3.190604858398e+02 -4.901534551734e-04
3.190614624023e+02 2.748284470441e-04
3.190624389648e+02 -1.531092001205e-03
3.190634155273e+02 1.854990093600e-03
3.190643920898e+02 6.257093726761e-03
3.190653686523e+02 -1.727585040132e-03
3.190663452148e+02 2.096774528674e-04
3.190673217773e+02 4.123721795445e-03
3.190682983398e+02 -1.228767095755e-03
3.190692749023e+02 -1.123307758280e-03
3.190702514648e+02 2.024880743836e-03
3.190712280273e+02 -2.775090826237e-03
3.190722045898e+02 1.223181305809e-03
3.190731811523e+02 -7.766137491980e-04
3.190741577148e+02 -4.475284431353e-04
3.190751342773e+02 2.683085807448e-03
3.190761108398e+02 2.257199990672e-04
3.190770874023e+02 -1.579406098043e-03
3.190780639648e+02 1.066238930801e-03
3.190790405273e+02 -7.883437650330e-04
3.190800170898e+02 -3.858313743746e-04
3.190809936523e+02 8.864707771782e-04
3.190819702148e+02 -2.409378404616e-03
3.190829467773e+02 -2.551172616062e-03
3.190839233398e+02 5.718331608581e-03
3.190848999023e+02 6.334388556940e-03
3.190858764648e+02 1.185161170031e-03
3.190868530273e+02 -3.270732796572e-03
3.190878295898e+02 -4.581762054628e-03
3.190888061523e+02 -1.854845254307e-03
3.190897827148e+02 3.944324919172e-03
3.190907592773e+02 1.635618764364e-03
3.190917358398e+02 -1.311161580374e-03
3.190927124023e+02 4.252597593593e-04
3.190936889648e+02 -1.273808420602e-03
3.190946655273e+02 8.288549578484e-04
3.190956420898e+02 3.790655792992e-03
3.190966186523e+02 3.268141901749e-03
3.190975952148e+02 5.660730869227e-04
3.190985717773e+02 4.899434322371e-03
3.190995483398e+02 2.108872275383e-03
3.191005249023e+02 7.179282648622e-04
3.191015014648e+02 1.452272603350e-03
3.191024780273e+02 1.591140703436e-03
3.191034545898e+02 -1.537130786473e-03
3.191044311523e+02 7.247732625934e-04
3.191054077148e+02 -1.858006327188e-03
3.191063842773e+02 -5.904988569351e-03
3.191073608398e+02 -3.130793004921e-03
3.191083374023e+02 2.365948521219e-04
3.191093139648e+02 -1.266314924305e-03
3.191102905273e+02 6.986722681972e-04
3.191112670898e+02 -2.336703649882e-04
3.191122436523e+02 6.516845535821e-04
3.191132202148e+02 3.527683187194e-04
3.191141967773e+02 -8.529852437808e-04
3.191151733398e+02 -3.365638892769e-03
3.191161499023e+02 -1.920140476830e-03
3.191171264648e+02 -4.000758837945e-03
3.191181030273e+02 -1.845202414417e-03
3.191190795898e+02 -1.692495068831e-03
3.191200561523e+02 -4.483449672028e-03
3.191210327148e+02 -1.169373925438e-03
3.191220092773e+02 -1.779509152058e-03
3.191229858398e+02 -3.624729328660e-03
3.191239624023e+02 -1.943680140309e-03
3.191249389648e+02 2.124572199167e-04
3.191259155273e+02 -5.741236005726e-03
3.191268920898e+02 2.481353698810e-04
3.191278686523e+02 3.264405882437e-03
3.191288452148e+02 2.286143649922e-03
3.191298217773e+02 4.231547556640e-03
3.191307983398e+02 4.131542402048e-03
3.191317749023e+02 1.202827510745e-03
3.191327514648e+02 1.072399071131e-03
3.191337280273e+02 9.405890553911e-04
3.191347045898e+02 1.492838215208e-03
3.191356811523e+02 -6.141315394274e-04
3.191366577148e+02 -2.925889392589e-03
3.191376342773e+02 2.096083025355e-03
3.191386108398e+02 -1.116380506135e-03
3.191395874023e+02 -1.013371873351e-03
3.191405639648e+02 -3.334499755930e-04
3.191415405273e+02 2.097576002568e-03
3.191425170898e+02 -8.442137642344e-04
3.191434936523e+02 2.957735440549e-03
3.191444702148e+02 3.920119948616e-03
3.191454467773e+02 1.057246616035e-03
3.191464233398e+02 7.010962700061e-04
3.191473999023e+02 -3.844736281858e-03
3.191483764648e+02 -3.316285290877e-03
3.191493530273e+02 -2.309702506098e-03
3.191503295898e+02 -2.411283965200e-04
3.191513061523e+02 2.731487165490e-03
3.191522827148e+02 7.469251510624e-04
3.191532592773e+02 2.545074106938e-03
3.191542358398e+02 3.652313405897e-03
3.191552124023e+02 -2.682504304506e-03
3.191561889648e+02 1.838843432982e-03
3.191571655273e+02 1.239968358761e-03
3.191581420898e+02 -1.101123266069e-03
3.191591186523e+02 1.244331657384e-03
3.191600952148e+02 1.166604931929e-03
3.191610717773e+02 3.646156484218e-03
3.191620483398e+02 9.946321721433e-04
3.191630249023e+02 2.821676269086e-04
3.191640014648e+02 -8.342128196218e-04
3.191649780273e+02 1.463598827499e-04
3.191659545898e+02 -3.266016638434e-03
3.191669311523e+02 -2.110668997880e-03
3.191679077148e+02 4.522319054825e-04
3.191688842773e+02 3.229976330631e-03
3.191698608398e+02 -2.426308508722e-03
3.191708374023e+02 2.061416962307e-03
3.191718139648e+02 6.176321799860e-04
3.191727905273e+02 -1.509745639746e-04
3.191737670898e+02 -2.852723972396e-03
3.191747436523e+02 -6.917400688666e-03
3.191757202148e+02 -8.170401007580e-03
3.191766967773e+02 -9.109963015288e-04
3.191776733398e+02 -2.288529027919e-03
3.191786499023e+02 -2.399925107505e-03
3.191796264648e+02 -6.849655089278e-05
3.191806030273e+02 -7.104047874274e-04
3.191815795898e+02 -1.641345102069e-03
3.191825561523e+02 -1.780112112673e-03
3.191835327148e+02 6.940138073589e-04
3.191845092773e+02 2.926936884666e-04
3.191854858398e+02 2.829862147870e-05
3.191864624023e+02 1.680859645571e-03
3.191874389648e+02 2.171781643071e-03
3.191884155273e+02 -4.076639905487e-04
3.191893920898e+02 -8.796053350529e-04
3.191903686523e+02 2.310931233556e-05
3.191913452148e+02 1.469521949948e-03
3.191923217773e+02 -9.188909371043e-04
3.191932983398e+02 1.478549789084e-03
3.191942749023e+02 -1.682641705326e-03
3.191952514648e+02 -2.696275839126e-03
3.191962280273e+02 -1.263520628623e-04
3.191972045898e+02 3.714393315310e-03
3.191981811523e+02 3.218120012548e-03
3.191991577148e+02 5.708425576919e-07
3.192001342773e+02 -3.097322372686e-03
3.192011108398e+02 1.289709152444e-03
3.192020874023e+02 5.005370616237e-04
3.192030639648e+02 2.725001702993e-03
3.192040405273e+02 2.192907675950e-03
3.192050170898e+02 4.032784653522e-03
3.192059936523e+02 3.343040863513e-03
3.192069702148e+02 3.493908332837e-03
3.192079467773e+02 3.303785957855e-03
3.192089233398e+02 2.610509758010e-03
3.192098999023e+02 -2.307875266021e-03
3.192108764648e+02 -1.573545292253e-03
3.192118530273e+02 2.660170919885e-03
3.192128295898e+02 -4.230229578672e-03
3.192138061523e+02 -4.303743090006e-03
3.192147827148e+02 -4.317874159861e-03
3.192157592773e+02 -2.383397930817e-03
3.192167358398e+02 -4.302463735850e-03
3.192177124023e+02 -4.256078445408e-03
3.192186889648e+02 1.575486734835e-03
3.192196655273e+02 -1.391576952273e-03
3.192206420898e+02 -5.728359971332e-03
3.192216186523e+02 -1.189688262226e-03
3.192225952148e+02 1.431464501661e-03
3.192235717773e+02 -2.926872154018e-03
3.192245483398e+02 -2.551288249079e-03
3.192255249023e+02 -5.200677641886e-03
3.192265014648e+02 -2.152632338725e-03
3.192274780273e+02 -2.370823138311e-04
3.192284545898e+02 -1.402509755947e-03
3.192294311523e+02 -1.809251990422e-03
3.192304077148e+02 5.078954461055e-03
3.192313842773e+02 -3.151408360081e-05
3.192323608398e+02 -1.383738583485e-03
3.192333374023e+02 -6.213313040211e-04
3.192343139648e+02 -1.341171775386e-04
3.192352905273e+02 1.702316603454e-03
3.192362670898e+02 1.250020205743e-03
3.192372436523e+02 2.714163193872e-03
3.192382202148e+02 4.493753646669e-03
3.192391967773e+02 4.594907978867e-03
3.192401733398e+02 -9.689642651167e-04
3.192411499023e+02 3.387970131623e-03
3.192421264648e+02 -8.443811340848e-04
3.192431030273e+02 1.745050870811e-03
3.192440795898e+02 -4.019674968909e-03
3.192450561523e+02 1.046484162445e-03
3.192460327148e+02 9.357874539915e-05
3.192470092773e+02 -2.904434342055e-03
3.192479858398e+02 -1.800637092285e-03
3.192489624023e+02 3.273909724289e-03
3.192499389648e+02 2.098477463259e-03
3.192509155273e+02 -1.405169792160e-03
3.192518920898e+02 -5.224451790049e-03
3.192528686523e+02 -2.442883369128e-03
3.192538452148e+02 1.215399084599e-03
3.192548217773e+02 -1.106946759349e-03
3.192557983398e+02 2.552300574414e-03
3.192567749023e+02 1.950177404526e-03
3.192577514648e+02 -2.247737037609e-03
3.192587280273e+02 -3.155702502412e-03
3.192597045898e+02 4.865650467713e-04
3.192606811523e+02 3.240261231785e-03
3.192616577148e+02 2.557731034648e-03
3.192626342773e+02 6.377483193997e-03
3.192636108398e+02 -1.821463075368e-03
3.192645874023e+02 1.639526325852e-03
3.192655639648e+02 -1.782861675067e-03
3.192665405273e+02 3.522930789431e-03
3.192675170898e+02 3.281222737713e-03
3.192684936523e+02 2.096989254417e-03
3.192694702148e+02 1.592625812836e-03
3.192704467773e+02 7.241671906156e-03
3.192714233398e+02 4.729754672588e-03
3.192723999023e+02 3.429727240387e-03
3.192733764648e+02 -1.769295061225e-03
3.192743530273e+02 4.118407862297e-04
3.192753295898e+02 -3.935614295971e-03
3.192763061523e+02 -1.400949663900e-03
3.192772827148e+02 -1.695330223499e-03
3.192782592773e+02 -2.804451598811e-03
3.192792358398e+02 1.141429120873e-03
3.192802124023e+02 3.679747458237e-04
3.192811889648e+02 1.759484493857e-03
3.192821655273e+02 2.501153111047e-03
3.192831420898e+02 -6.074675014064e-04
3.192841186523e+02 -5.609568862326e-03
3.192850952148e+02 -3.257705843209e-03
3.192860717773e+02 -1.086968950401e-03
3.192870483398e+02 2.742259155824e-03
3.192880249023e+02 1.006177234757e-03
3.192890014648e+02 -8.085237529452e-04
3.192899780273e+02 2.135881763818e-03
3.192909545898e+02 3.485172198847e-03
3.192919311523e+02 1.575557306738e-03
3.192929077148e+02 1.077244213726e-03
3.192938842773e+02 -1.569286182554e-03
3.192948608398e+02 -2.690237649905e-03
3.192958374023e+02 6.542715144976e-04
3.192968139648e+02 3.555094410954e-03
3.192977905273e+02 4.780331183036e-04
3.192987670898e+02 1.072179964447e-03
3.192997436523e+02 1.436775156553e-03
3.193007202148e+02 5.487766526524e-03
3.193016967773e+02 5.325645699732e-03
3.193026733398e+02 -1.663081963376e-03
3.193036499023e+02 1.276259959758e-03
3.193046264648e+02 -3.573269060102e-03
3.193056030273e+02 -2.512057423699e-03
3.193065795898e+02 -9.740814433230e-04
3.193075561523e+02 1.352842633608e-03
3.193085327148e+02 2.610468988432e-03
3.193095092773e+02 1.459873030385e-03
3.193104858398e+02 -2.996633791205e-04
3.193114624023e+02 -1.121793204184e-03
3.193124389648e+02 -9.524627780315e-04
3.193134155273e+02 -3.596144847016e-03
3.193143920898e+02 -1.303086819553e-03
3.193153686523e+02 1.191823419913e-03
3.193163452148e+02 1.847074715608e-03
3.193173217773e+02 6.098490051015e-04
3.193182983398e+02 1.328563991708e-03
3.193192749023e+02 4.571913459494e-03
3.193202514648e+02 2.350304476792e-03
3.193212280273e+02 -5.386387961643e-04
3.193222045898e+02 -5.553455020512e-04
3.193231811523e+02 1.949012968130e-03
3.193241577148e+02 4.516983246772e-03
3.193251342773e+02 3.663233931013e-03
3.193261108398e+02 2.012732124561e-03
3.193270874023e+02 2.060022213553e-03
3.193280639648e+02 5.359838263459e-03
3.193290405273e+02 4.789549935858e-04
3.193300170898e+02 4.589895824049e-04
3.193309936523e+02 -9.273896657833e-04
3.193319702148e+02 1.130057150156e-03
3.193329467773e+02 1.796805109491e-03
3.193339233398e+02 4.158722121357e-03
3.193348999023e+02 5.326949372584e-03
3.193358764648e+02 1.284058512642e-03
3.193368530273e+02 -1.831376788579e-04
3.193378295898e+02 1.518944216395e-03
3.193388061523e+02 2.500015854371e-03
3.193397827148e+02 3.725715098913e-03
3.193407592773e+02 3.622103505514e-04
3.193417358398e+02 3.806468906002e-03
3.193427124023e+02 3.902917570480e-03
3.193436889648e+02 8.496677086996e-04
3.193446655273e+02 3.421969337874e-03
3.193456420898e+02 4.577827671048e-03
3.193466186523e+02 -3.684512313372e-03
3.193475952148e+02 -3.206098231963e-03
3.193485717773e+02 -3.019516849886e-03
3.193495483398e+02 -7.380971067054e-04
3.193505249023e+02 -5.288489712135e-04
3.193515014648e+02 1.110671692197e-03
3.193524780273e+02 3.507757830336e-03
3.193534545898e+02 5.058669330545e-03
3.193544311523e+02 9.829527010495e-04
3.193554077148e+02 3.475362227525e-04
3.193563842773e+02 5.587662127773e-04
3.193573608398e+02 3.680765207595e-04
3.193583374023e+02 -2.158100707515e-03
3.193593139648e+02 1.580843523725e-03
3.193602905273e+02 1.407284207429e-03
3.193612670898e+02 3.330882707494e-03
3.193622436523e+02 -5.075059774172e-04
3.193632202148e+02 1.809048023318e-03
3.193641967773e+02 1.602014498508e-03
3.193651733398e+02 3.310191788543e-03
3.193661499023e+02 -2.720423827638e-03
3.193671264648e+02 2.126201969046e-03
3.193681030273e+02 2.190289601409e-03
3.193690795898e+02 -6.341998282300e-04
3.193700561523e+02 4.038699341913e-03
3.193710327148e+02 4.232034407401e-03
3.193720092773e+02 -1.559791042981e-03
3.193729858398e+02 -2.989371918568e-03
3.193739624023e+02 -1.286685766299e-03
3.193749389648e+02 4.501621460153e-03
3.193759155273e+02 9.403440802894e-04
3.193768920898e+02 -2.618911152300e-03
3.193778686523e+02 6.963956686819e-04
3.193788452148e+02 5.679637701867e-03
3.193798217773e+02 1.467964599716e-03
3.193807983398e+02 -1.814224567754e-03
3.193817749023e+02 -3.771819770674e-03
3.193827514648e+02 1.391411608981e-03
3.193837280273e+02 -1.090414099033e-03
3.193847045898e+02 2.658316500088e-03
3.193856811523e+02 3.274583733644e-03
3.193866577148e+02 -1.240732013506e-03
3.193876342773e+02 -3.310292162769e-03
3.193886108398e+02 1.574541881961e-03
3.193895874023e+02 3.126642852518e-03
3.193905639648e+02 1.824401822914e-03
3.193915405273e+02 1.653457481718e-03
3.193925170898e+02 2.347787014895e-03
3.193934936523e+02 2.912253279728e-03
3.193944702148e+02 2.937539001754e-03
3.193954467773e+02 -4.095918134685e-04
3.193964233398e+02 8.740896997774e-04
3.193973999023e+02 1.026579071167e-03
3.193983764648e+02 2.174481972026e-03
3.193993530273e+02 4.806477059732e-04
3.194003295898e+02 9.356673208243e-04
3.194013061523e+02 7.223274454835e-04
3.194022827148e+02 6.306116880488e-04
3.194032592773e+02 2.727797876222e-03
3.194042358398e+02 3.593461982223e-04
3.194052124023e+02 3.054327156181e-03
3.194061889648e+02 4.454654428351e-03
3.194071655273e+02 2.802625789246e-03
3.194081420898e+02 2.506251215766e-03
3.194091186523e+02 2.379810207868e-03
3.194100952148e+02 1.465369174940e-03
3.194110717773e+02 1.449630210112e-03
3.194120483398e+02 3.809655787696e-04
3.194130249023e+02 -1.969674203967e-03
3.194140014648e+02 -2.115319829324e-03
3.194149780273e+02 4.541187025235e-03
3.194159545898e+02 9.191692788877e-03
3.194169311523e+02 2.001467799838e-03
3.194179077148e+02 5.327275052379e-03
3.194188842773e+02 5.193186052938e-03
3.194198608398e+02 3.928797431633e-03
3.194208374023e+02 5.255900155800e-03
3.194218139648e+02 2.509729981419e-03
3.194227905273e+02 2.366548173776e-03
3.194237670898e+02 7.345223298861e-03
3.194247436523e+02 4.769532430215e-03
3.194257202148e+02 1.211275873496e-03
3.194266967773e+02 1.954782101972e-03
3.194276733398e+02 2.515364051129e-03
3.194286499023e+02 4.137407976210e-03
3.194296264648e+02 -1.060203006557e-03
3.194306030273e+02 7.038519716789e-04
3.194315795898e+02 4.538480974233e-03
3.194325561523e+02 4.927320237545e-03
3.194335327148e+02 1.164818628324e-02
3.194345092773e+02 8.410328310846e-03
3.194354858398e+02 9.293064558829e-03
3.194364624023e+02 8.429682178343e-03
3.194374389648e+02 8.812961043288e-03
3.194384155273e+02 9.791720855402e-03
3.194393920898e+02 1.068139699171e-02
3.194403686523e+02 1.013577223283e-02
3.194413452148e+02 9.245849094855e-03
3.194423217773e+02 7.591704252341e-03
3.194432983398e+02 1.165588815738e-02
3.194442749023e+02 8.079910662095e-03
3.194452514648e+02 5.998692797435e-03
3.194462280273e+02 1.237038289652e-02
3.194472045898e+02 5.087048772200e-03
3.194481811523e+02 1.240737211031e-02
3.194491577148e+02 1.426818915427e-02
3.194501342773e+02 1.423516722582e-02
3.194511108398e+02 1.156058271005e-02
3.194520874023e+02 1.106048445784e-02
3.194530639648e+02 1.211966476785e-02
3.194540405273e+02 1.215430985006e-02
3.194550170898e+02 1.724849592119e-02
3.194559936523e+02 1.516064715869e-02
3.194569702148e+02 7.953833957804e-03
3.194579467773e+02 1.071023705809e-02
3.194589233398e+02 1.327183786488e-02
3.194598999023e+02 1.534247566617e-02
3.194608764648e+02 9.738370404259e-03
3.194618530273e+02 9.373324839435e-03
3.194628295898e+02 1.146264321412e-02
3.194638061523e+02 9.834699144186e-03
3.194647827148e+02 1.456874344405e-02
3.194657592773e+02 1.493827700042e-02
3.194667358398e+02 1.459534237568e-02
3.194677124023e+02 1.475550721635e-02
3.194686889648e+02 1.435109588123e-02
3.194696655273e+02 1.885151952638e-02
3.194706420898e+02 1.451187298084e-02
3.194716186523e+02 1.297639050129e-02
3.194725952148e+02 1.533213306771e-02
3.194735717773e+02 2.050086500267e-02
3.194745483398e+02 1.998845195343e-02
3.194755249023e+02 1.940076920152e-02
3.194765014648e+02 1.911018462351e-02
3.194774780273e+02 2.400108260667e-02
3.194784545898e+02 2.093973640718e-02
3.194794311523e+02 2.650667125717e-02
3.194804077148e+02 2.950030466962e-02
3.194813842773e+02 3.341739813265e-02
3.194823608398e+02 2.881311744216e-02
3.194833374023e+02 3.069445755837e-02
3.194843139648e+02 2.486349796135e-02
3.194852905273e+02 2.753002297509e-02
3.194862670898e+02 3.028315497231e-02
3.194872436523e+02 2.670017369251e-02
3.194882202148e+02 2.356554524772e-02
3.194891967773e+02 2.919416184807e-02
3.194901733398e+02 2.928146310649e-02
3.194911499023e+02 3.277391207914e-02
3.194921264648e+02 2.714006552859e-02
3.194931030273e+02 3.028266669103e-02
3.194940795898e+02 3.359174125006e-02
3.194950561523e+02 3.420539255484e-02
3.194960327148e+02 3.366438453354e-02
3.194970092773e+02 3.991934012239e-02
3.194979858398e+02 4.265925037826e-02
3.194989624023e+02 4.397180766106e-02
3.194999389648e+02 4.052084924519e-02
3.195009155273e+02 4.170452316006e-02
3.195018920898e+02 3.907909960396e-02
3.195028686523e+02 3.892515748849e-02
3.195038452148e+02 4.012151908707e-02
3.195048217773e+02 3.826668348871e-02
3.195057983398e+02 3.750723826221e-02
3.195067749023e+02 4.425905056411e-02
3.195077514648e+02 4.024953270399e-02
3.195087280273e+02 4.045289422488e-02
3.195097045898e+02 4.378593652796e-02
3.195106811523e+02 4.609851293175e-02
3.195116577148e+02 4.469004271104e-02
3.195126342773e+02 4.316509070380e-02
3.195136108398e+02 4.968433234645e-02
3.195145874023e+02 4.429177303880e-02
3.195155639648e+02 4.999317406644e-02
3.195165405273e+02 5.390075176669e-02
3.195175170898e+02 4.833865967511e-02
3.195184936523e+02 4.413090724747e-02
3.195194702148e+02 4.713129267441e-02
3.195204467773e+02 4.540979219591e-02
3.195214233398e+02 3.787344540241e-02
3.195223999023e+02 4.354297081818e-02
3.195233764648e+02 4.160035140218e-02
3.195243530273e+02 3.878355210457e-02
3.195253295898e+02 3.537175155800e-02
3.195263061523e+02 4.194295700927e-02
3.195272827148e+02 3.625792484838e-02
3.195282287598e+02 3.728296075522e-02
3.195292053223e+02 4.182072647368e-02
3.195301818848e+02 4.452242109053e-02
3.195311584473e+02 3.578394106122e-02
3.195321350098e+02 3.876305573519e-02
3.195331115723e+02 4.008970832506e-02
3.195340881348e+02 4.408418101845e-02
3.195350646973e+02 4.091106227642e-02
3.195360412598e+02 4.246476565833e-02
3.195370178223e+02 4.421950359567e-02
3.195379943848e+02 4.219374284882e-02
3.195389709473e+02 4.414764232517e-02
3.195399475098e+02 4.205851945373e-02
3.195409240723e+02 4.203302583069e-02
3.195419006348e+02 4.240706073005e-02
3.195428771973e+02 3.825449171567e-02
3.195438537598e+02 3.971077153948e-02
3.195448303223e+02 4.569774081799e-02
3.195458068848e+02 4.681744988606e-02
3.195467834473e+02 4.171494491348e-02
3.195477600098e+02 4.711372217797e-02
3.195487365723e+02 4.243420611708e-02
3.195497131348e+02 4.285765279247e-02
3.195506896973e+02 4.174456222446e-02
3.195516662598e+02 4.357818047561e-02
3.195526428223e+02 4.540127779121e-02
3.195536193848e+02 4.691553720151e-02
3.195545959473e+02 4.540024782290e-02
3.195555725098e+02 5.007152032261e-02
3.195565490723e+02 4.741928325815e-02
3.195575256348e+02 4.734836421792e-02
3.195585021973e+02 4.853395311090e-02
3.195594787598e+02 5.020822382031e-02
3.195604553223e+02 5.393886440888e-02
3.195614318848e+02 5.717957577497e-02
3.195624084473e+02 5.293797935158e-02
3.195633850098e+02 5.949640938110e-02
3.195643615723e+02 5.317512383306e-02
3.195653381348e+02 5.391011303423e-02
3.195663146973e+02 5.147864014042e-02
3.195672912598e+02 5.085821393297e-02
3.195682678223e+02 5.205218753094e-02
3.195692443848e+02 5.096526960212e-02
3.195702209473e+02 4.560491778501e-02
3.195711975098e+02 4.728537211898e-02
3.195721740723e+02 5.007888268868e-02
3.195731506348e+02 4.421865291814e-02
3.195741271973e+02 4.051033975373e-02
3.195751037598e+02 5.239933644269e-02
3.195760803223e+02 4.472448179959e-02
3.195770568848e+02 4.884850924767e-02
3.195780334473e+02 4.948810049509e-02
3.195790100098e+02 4.352144066579e-02
3.195799865723e+02 4.367971627756e-02
3.195809631348e+02 4.534575486987e-02
3.195819396973e+02 5.032362986217e-02
3.195829162598e+02 4.982225273264e-02
3.195838928223e+02 5.785269439825e-02
3.195848693848e+02 5.467265198036e-02
3.195858459473e+02 5.186622865980e-02
3.195868225098e+02 5.105897383020e-02
3.195877990723e+02 5.971951196128e-02
3.195887756348e+02 6.172815616069e-02
3.195897521973e+02 6.251811515207e-02
3.195907287598e+02 5.928022284740e-02
3.195917053223e+02 5.608384589504e-02
3.195926818848e+02 5.680015452281e-02
3.195936584473e+02 5.399856060923e-02
3.195946350098e+02 5.136597686602e-02
3.195956115723e+02 5.180354936605e-02
3.195965881348e+02 5.452815887047e-02
3.195975646973e+02 5.810416688333e-02
3.195985412598e+02 5.348773447412e-02
3.195995178223e+02 5.317411675293e-02
3.196004943848e+02 4.561715914912e-02
3.196014709473e+02 4.696559366141e-02
3.196024475098e+02 4.166443450459e-02
3.196034240723e+02 4.388871210657e-02
3.196044006348e+02 4.851357499714e-02
3.196053771973e+02 4.459324476333e-02
3.196063537598e+02 4.532857728727e-02
3.196073303223e+02 4.613773183620e-02
3.196083068848e+02 4.335330787582e-02
3.196092834473e+02 4.758311306940e-02
3.196102600098e+02 3.915217776295e-02
3.196112365723e+02 4.274209034801e-02
3.196122131348e+02 4.545901705177e-02
3.196131896973e+02 3.955173680292e-02
3.196141662598e+02 3.990901373640e-02
3.196151428223e+02 4.139003187315e-02
3.196161193848e+02 4.223438463542e-02
3.196170959473e+02 4.134207349685e-02
3.196180725098e+02 3.491235517387e-02
3.196190490723e+02 3.933534046086e-02
3.196200256348e+02 3.912560458053e-02
3.196210021973e+02 4.165851027945e-02
3.196219787598e+02 3.766983974088e-02
3.196229553223e+02 3.490638517237e-02
3.196239318848e+02 3.778495586573e-02
3.196249084473e+02 3.582687929568e-02
3.196258850098e+02 3.899527162757e-02
3.196268615723e+02 4.021188926958e-02
3.196278381348e+02 3.962079808550e-02
3.196288146973e+02 3.629041462653e-02
3.196297912598e+02 3.625023823302e-02
3.196307678223e+02 3.757781779437e-02
3.196317443848e+02 4.607537297704e-02
3.196327209473e+02 3.984554861497e-02
3.196336975098e+02 3.601735858329e-02
3.196346740723e+02 3.924385638669e-02
3.196356506348e+02 3.673402579262e-02
3.196366271973e+02 3.445242473211e-02
3.196376037598e+02 3.312942662239e-02
3.196385803223e+02 3.418943949012e-02
3.196395568848e+02 3.680186637202e-02
3.196405334473e+02 3.593385485618e-02
3.196415100098e+02 3.323867955727e-02
3.196424865723e+02 3.104595331787e-02
3.196434631348e+02 2.369925230058e-02
3.196444396973e+02 1.850270740654e-02
3.196454162598e+02 2.499485134588e-02
3.196463928223e+02 2.706844458402e-02
3.196473693848e+02 2.274452126768e-02
3.196483459473e+02 2.100595192546e-02
3.196493225098e+02 2.484476207484e-02
3.196502990723e+02 2.047733213412e-02
3.196512756348e+02 2.109158043905e-02
3.196522521973e+02 2.528442121437e-02
3.196532287598e+02 2.399325675485e-02
3.196542053223e+02 2.403876609539e-02
3.196551818848e+02 2.066013243577e-02
3.196561584473e+02 1.896118254123e-02
3.196571350098e+02 2.282602037129e-02
3.196581115723e+02 2.158839519043e-02
3.196590881348e+02 2.067180540996e-02
3.196600646973e+02 2.268639672269e-02
3.196610412598e+02 2.531794668288e-02
3.196620178223e+02 2.191138753060e-02
3.196629943848e+02 2.431679841146e-02
3.196639709473e+02 1.827447978034e-02
3.196649475098e+02 1.981650446601e-02
3.196659240723e+02 1.740971647938e-02
3.196669006348e+02 1.682807811557e-02
3.196678771973e+02 1.863262837218e-02
3.196688537598e+02 1.359718387337e-02
3.196698303223e+02 1.774742592230e-02
3.196708068848e+02 2.159836108751e-02
3.196717834473e+02 2.342687527348e-02
3.196727600098e+02 1.607380561881e-02
3.196737365723e+02 1.855671017095e-02
3.196747131348e+02 1.740853201583e-02
3.196756896973e+02 1.497374319626e-02
3.196766662598e+02 1.540558220603e-02
3.196776428223e+02 1.380648678553e-02
3.196786193848e+02 9.238017520997e-03
3.196795959473e+02 1.034211398610e-02
3.196805725098e+02 1.029396010655e-02
3.196815490723e+02 1.346800868108e-02
3.196825256348e+02 1.300941433709e-02
3.196835021973e+02 9.772488104549e-03
3.196844787598e+02 1.216316471651e-02
3.196854553223e+02 1.380752724426e-02
3.196864318848e+02 1.736598097316e-02
3.196874084473e+02 1.081621316786e-02
3.196883850098e+02 8.427649898278e-03
3.196893615723e+02 1.022137308986e-02
3.196903381348e+02 1.298423161190e-02
3.196913146973e+02 7.520426153710e-03
3.196922912598e+02 5.713633331838e-03
3.196932678223e+02 9.521238779261e-03
3.196942443848e+02 1.313653150011e-02
3.196952209473e+02 1.868435757691e-02
3.196961975098e+02 1.021154070719e-02
3.196971740723e+02 7.824861898150e-03
3.196981506348e+02 1.483354066732e-02
3.196991271973e+02 1.418708964022e-02
3.197001037598e+02 1.278010142947e-02
3.197010803223e+02 1.674064334275e-02
3.197020568848e+02 1.622529106912e-02
3.197030334473e+02 1.982489489305e-02
3.197040100098e+02 1.810681619816e-02
3.197049865723e+02 1.502314638922e-02
3.197059631348e+02 1.202114925261e-02
3.197069396973e+02 1.323057523627e-02
3.197079162598e+02 1.497292494366e-02
3.197088928223e+02 1.619884758642e-02
3.197098693848e+02 1.279394210548e-02
3.197108459473e+02 1.618673782938e-02
3.197118225098e+02 1.536379982490e-02
3.197127990723e+02 1.956281182701e-02
3.197137756348e+02 1.777458466078e-02
3.197147521973e+02 1.916034598758e-02
3.197157287598e+02 2.014581775985e-02
3.197167053223e+02 2.300823320953e-02
3.197176818848e+02 2.122310167027e-02
3.197186584473e+02 2.720228324394e-02
3.197196350098e+02 2.309452738782e-02
3.197206115723e+02 2.103897194656e-02
3.197215881348e+02 2.294524873999e-02
3.197225646973e+02 2.608658914493e-02
3.197235412598e+02 2.241585456506e-02
3.197245178223e+02 1.706634793280e-02
3.197254943848e+02 2.599819306834e-02
3.197264709473e+02 2.499358486633e-02
3.197274475098e+02 2.328199306445e-02
3.197284240723e+02 2.608994226399e-02
3.197294006348e+02 2.338156620456e-02
3.197303771973e+02 2.958495280597e-02
3.197313537598e+02 2.567598655585e-02
3.197323303223e+02 2.927404924201e-02
3.197333068848e+02 2.919693704047e-02
3.197342834473e+02 2.997331952363e-02
3.197352600098e+02 3.290905918028e-02
3.197362365723e+02 3.555623795592e-02
3.197372131348e+02 3.141805225827e-02
3.197381896973e+02 3.305297245616e-02
3.197391662598e+02 3.100568155692e-02
3.197401428223e+02 3.557398392844e-02
3.197411193848e+02 2.996837949044e-02
3.197420959473e+02 3.952709767211e-02
3.197430725098e+02 3.737388406887e-02
3.197440490723e+02 3.334079900792e-02
3.197450256348e+02 3.617369251406e-02
3.197460021973e+02 3.709163079008e-02
3.197469787598e+02 3.808231153171e-02
3.197479553223e+02 3.723113809041e-02
3.197489318848e+02 3.953660389815e-02
3.197499084473e+02 4.154251295949e-02
3.197508850098e+02 4.298197759695e-02
3.197518615723e+02 4.645202094415e-02
3.197528381348e+02 4.603844289105e-02
3.197538146973e+02 4.925489659607e-02
3.197547912598e+02 4.810397948819e-02
3.197557678223e+02 4.111865048208e-02
3.197567443848e+02 4.118565182804e-02
3.197577209473e+02 3.983839605726e-02
3.197586975098e+02 4.311718954796e-02
3.197596740723e+02 4.310222830457e-02
3.197606506348e+02 4.422339077237e-02
3.197616271973e+02 4.236141787510e-02
3.197626037598e+02 4.241851245178e-02
3.197635803223e+02 3.706142983039e-02
3.197645568848e+02 3.441995402744e-02
3.197655334473e+02 3.735026727697e-02
3.197665100098e+02 3.797800244473e-02
3.197674865723e+02 2.946548792602e-02
3.197684631348e+02 3.337495199416e-02
3.197694396973e+02 3.168762166805e-02
3.197704162598e+02 3.060692741811e-02
3.197713928223e+02 2.939980265069e-02
3.197723693848e+02 3.175408132696e-02
3.197733459473e+02 2.934473558569e-02
3.197743225098e+02 3.140411716850e-02
3.197752990723e+02 2.315125956825e-02
3.197762756348e+02 2.142907435157e-02
3.197772521973e+02 2.670748074547e-02
3.197782287598e+02 2.403382987690e-02
3.197792053223e+02 1.912048239926e-02
3.197801818848e+02 1.492503904661e-02
3.197811584473e+02 1.554984071203e-02
3.197821350098e+02 1.745732581087e-02
3.197831115723e+02 1.515818858619e-02
3.197840881348e+02 2.008593273198e-02
3.197850646973e+02 1.599058990136e-02
3.197860412598e+02 1.598805789593e-02
3.197870178223e+02 8.195678146537e-03
3.197879943848e+02 1.352782599807e-02
3.197889709473e+02 1.607488327084e-02
3.197899475098e+02 2.027023220973e-02
3.197909240723e+02 1.769869125507e-02
3.197919006348e+02 1.700582394311e-02
3.197928771973e+02 1.369138973417e-02
3.197938537598e+02 1.501896452714e-02
3.197948303223e+02 1.651836092252e-02
3.197958068848e+02 1.326096788450e-02
3.197967834473e+02 1.120744281596e-02
3.197977600098e+02 1.715088925762e-02
3.197987365723e+02 1.382736367099e-02
3.197997131348e+02 1.648109132846e-02
3.198006896973e+02 9.655165177224e-03
3.198016662598e+02 1.448072120782e-02
3.198026428223e+02 1.586662653945e-02
3.198036193848e+02 1.297775711665e-02
3.198045959473e+02 6.513829540652e-03
3.198055725098e+02 6.667951423736e-03
3.198065490723e+02 1.200244293001e-02
3.198075256348e+02 1.122283130546e-02
3.198085021973e+02 9.424824208641e-03
3.198094787598e+02 8.181116492708e-03
3.198104553223e+02 7.590580347105e-03
3.198114318848e+02 1.289147056776e-02
3.198124084473e+02 1.155909974642e-02
3.198133850098e+02 1.124293380733e-02
3.198143615723e+02 9.708796008628e-03
3.198153381348e+02 7.632863884117e-03
3.198163146973e+02 1.025982142543e-02
3.198172912598e+02 9.967182632840e-03
3.198182678223e+02 3.639163666961e-03
3.198192443848e+02 8.222364816201e-03
3.198202209473e+02 9.418855160812e-03
3.198211975098e+02 1.112229209322e-02
3.198221740723e+02 4.409587115877e-03
3.198231506348e+02 1.662534196665e-03
3.198241271973e+02 5.691077025835e-03
3.198251037598e+02 5.199383028940e-03
3.198260803223e+02 4.894138568641e-03
3.198270568848e+02 4.254025661345e-03
3.198280334473e+02 -2.679808267085e-04
3.198290100098e+02 -7.197751148683e-04
3.198299865723e+02 2.654486782270e-03
3.198309631348e+02 7.123628001013e-03
3.198319396973e+02 6.636111097822e-03
3.198329162598e+02 4.714318022533e-03
3.198338928223e+02 3.415411157707e-03
3.198348693848e+02 7.716855177246e-04
3.198358459473e+02 -7.000276220044e-06
3.198368225098e+02 2.606263761334e-03
3.198377990723e+02 2.809714450776e-03
3.198387756348e+02 -4.608929972216e-04
3.198397521973e+02 4.206727227702e-03
3.198407287598e+02 8.801498831135e-03
3.198417053223e+02 7.892512219509e-03
3.198426818848e+02 3.767321050291e-03
3.198436584473e+02 7.186958535141e-04
3.198446350098e+02 2.262073624288e-03
3.198456115723e+02 1.586707190538e-03
3.198465881348e+02 5.407827157340e-03
3.198475646973e+02 7.410897964570e-04
3.198485412598e+02 -2.715958724277e-03
3.198495178223e+02 -7.533859610769e-03
3.198504943848e+02 -6.991429660994e-04
3.198514709473e+02 3.758752286151e-03
3.198524475098e+02 1.292267145501e-03
3.198534240723e+02 1.662740905583e-03
3.198544006348e+02 4.091297820822e-03
3.198553771973e+02 3.276049769557e-03
3.198563537598e+02 2.415967579199e-03
3.198573303223e+02 -1.076813510542e-03
3.198583068848e+02 -1.082525423922e-03
3.198592834473e+02 3.082148936754e-03
3.198602600098e+02 3.511431622396e-03
3.198612365723e+02 1.969816897493e-03
3.198622131348e+02 5.393219727142e-03
3.198631896973e+02 5.887554448345e-03
3.198641662598e+02 -5.598410037829e-04
3.198651428223e+02 -4.166400153643e-03
3.198661193848e+02 -9.085805251613e-04
3.198670959473e+02 5.986840532468e-03
3.198680725098e+02 5.874248306813e-03
3.198690490723e+02 2.217760429816e-03
3.198700256348e+02 1.863405435377e-03
3.198710021973e+02 -3.327399054260e-04
3.198719787598e+02 3.952250429955e-03
3.198729553223e+02 2.609832649214e-03
3.198739318848e+02 5.266389143267e-03
3.198749084473e+02 2.429904337903e-03
3.198758850098e+02 -6.982772205138e-03
3.198768615723e+02 -1.031619955425e-04
3.198778381348e+02 9.489886615411e-04
3.198788146973e+02 3.079407122964e-03
3.198797912598e+02 3.191060933046e-03
3.198807678223e+02 -3.439548178964e-04
3.198817443848e+02 -1.251084148702e-03
3.198827209473e+02 -1.147474701070e-03
3.198836975098e+02 -6.037088919330e-04
3.198846740723e+02 5.035445452489e-03
3.198856506348e+02 2.917874892067e-04
3.198866271973e+02 -1.960740331558e-04
3.198876037598e+02 2.749772798492e-04
3.198885803223e+02 8.388577859679e-03
3.198895568848e+02 3.408487958678e-03
3.198905334473e+02 1.667871316021e-03
3.198915100098e+02 1.248032867582e-03
3.198924865723e+02 7.795312774890e-03
3.198934631348e+02 6.797727430876e-03
3.198944396973e+02 2.158622367391e-03
3.198954162598e+02 1.101719044324e-04
3.198963928223e+02 3.268022454036e-03
3.198973693848e+02 2.551871182532e-03
3.198983459473e+02 -2.228748606207e-04
3.198993225098e+02 3.483633683683e-03
3.199002990723e+02 3.115383057748e-03
3.199012756348e+02 4.308519091210e-03
3.199022521973e+02 7.184365732970e-04
3.199032287598e+02 -1.826751616936e-04
3.199042053223e+02 -1.220687685772e-03
3.199051818848e+02 -1.864957421192e-03
3.199061584473e+02 -7.409643286738e-04
3.199071350098e+02 2.770110261883e-03
3.199081115723e+02 3.789391697626e-04
3.199090881348e+02 -5.529963279169e-03
3.199100646973e+02 -4.662949306714e-03
3.199110412598e+02 -5.944690986703e-03
3.199120178223e+02 -1.614979343828e-03
3.199129943848e+02 3.402175826496e-03
3.199139709473e+02 -2.083004573577e-03
3.199149475098e+02 3.575330665653e-03
3.199159240723e+02 5.752775942340e-03
3.199169006348e+02 2.463615296077e-03
3.199178771973e+02 -1.210040149942e-03
3.199188537598e+02 -3.999590110014e-03
3.199198303223e+02 -7.671745664681e-03
3.199208068848e+02 -7.812760843384e-04
3.199217834473e+02 1.480331938245e-04
3.199227600098e+02 -3.646099025338e-03
3.199237365723e+02 -8.124381451256e-03
3.199247131348e+02 -2.241861449866e-03
3.199256896973e+02 -1.068548312873e-04
3.199266662598e+02 -1.419768639289e-03
3.199276428223e+02 -2.866353886373e-03
3.199286193848e+02 -2.236579762833e-03
3.199295959473e+02 -1.057735135727e-03
3.199305725098e+02 -2.982247255831e-03
3.199315490723e+02 -2.755049836363e-03
3.199325256348e+02 -3.413349790574e-03
3.199335021973e+02 1.147481972837e-03
3.199344787598e+02 4.688897355584e-03
3.199354553223e+02 -1.766437376000e-03
3.199364318848e+02 -4.177653511111e-03
3.199374084473e+02 -1.880869477917e-03
3.199383850098e+02 -5.674708159091e-03
3.199393615723e+02 -4.875885241358e-03
3.199403381348e+02 -4.487438415046e-03
3.199413146973e+02 1.595063583318e-04
3.199422912598e+02 -3.711187717757e-04
3.199432678223e+02 -5.919684214428e-03
3.199442443848e+02 -4.067038729246e-03
3.199452209473e+02 -8.620019964521e-04
3.199461975098e+02 -2.090502361409e-03
3.199471740723e+02 -2.299795259991e-03
3.199481506348e+02 -3.218943033522e-03
3.199491271973e+02 -1.384879654859e-03
3.199501037598e+02 5.023039817973e-04
3.199510803223e+02 2.163842304010e-03
3.199520568848e+02 -8.968893715566e-04
3.199530334473e+02 -6.992998932156e-03
3.199540100098e+02 -1.186006220883e-02
3.199549865723e+02 -1.288194049986e-02
3.199559631348e+02 -4.180542667590e-03
3.199569396973e+02 -1.037605454137e-03
3.199579162598e+02 2.076078275107e-03
3.199588928223e+02 3.199895057077e-03
3.199598693848e+02 1.014344978828e-03
3.199608459473e+02 8.647978239736e-03
3.199618225098e+02 -1.244918167117e-03
3.199627990723e+02 -9.846619239242e-04
3.199637756348e+02 4.302960540588e-04
3.199647521973e+02 6.275451481387e-04
3.199657287598e+02 -1.007130003128e-02
3.199667053223e+02 -6.491939853028e-03
3.199676818848e+02 -1.331830183345e-02
3.199686584473e+02 -1.298992027946e-02
3.199696350098e+02 -9.268686734795e-03
3.199706115723e+02 -1.235370217826e-02
3.199715881348e+02 -9.108748868616e-03
3.199725646973e+02 -4.585802772898e-03
3.199735412598e+02 -3.376964789094e-04
3.199745178223e+02 7.569692494398e-03
3.199754943848e+02 1.098545222008e-02
3.199764709473e+02 2.047010709716e-02
3.199774475098e+02 2.070926192419e-02
3.199784240723e+02 2.581930283158e-02
3.199794006348e+02 2.084817794641e-02
3.199803771973e+02 1.364363830520e-02
3.199813537598e+02 -4.277550423662e-03
3.199823303223e+02 -6.427455253713e-03
3.199833068848e+02 2.178856088893e-04
3.199842834473e+02 -4.893613690114e-04
3.199852600098e+02 2.468547938295e-03
3.199862365723e+02 1.533441139576e-02
3.199872131348e+02 1.871028226076e-02
3.199881896973e+02 1.035405971115e-02
3.199891662598e+02 7.882021801530e-03
3.199901428223e+02 4.248716556173e-03
3.199911193848e+02 4.331675735224e-03
3.199920959473e+02 8.539579797088e-03
3.199930725098e+02 -4.959568259248e-03
3.199940490723e+02 -1.039253284225e-02
3.199950256348e+02 -1.290253223668e-02
3.199960021973e+02 -7.585453393737e-03
3.199969787598e+02 -8.239791307812e-03
3.199979553223e+02 -2.249160396594e-03
3.199989318848e+02 -4.084777549211e-03
3.199999084473e+02 -9.322718824687e-04
3.200008850098e+02 -1.630396659626e-06
3.200018615723e+02 4.197557171877e-04
3.200028381348e+02 -7.527355074785e-03
3.200038146973e+02 -4.456076356824e-03
3.200047912598e+02 -7.925927061795e-03
3.200057678223e+02 -4.818268527958e-03
3.200067443848e+02 2.016852474641e-03
3.200077209473e+02 -2.754454981980e-03
3.200086975098e+02 -3.799467267257e-03
3.200096740723e+02 -1.080878309090e-03
3.200106506348e+02 -4.747842060532e-03
3.200116271973e+02 -1.357974116930e-03
3.200126037598e+02 -1.525905204770e-03
3.200135803223e+02 -7.244003639970e-03
3.200145568848e+02 -6.944563718674e-03
3.200155334473e+02 -4.669948799692e-03
3.200165100098e+02 3.702993091990e-03
3.200174865723e+02 -2.126857858589e-03
3.200184631348e+02 -2.626484161197e-04
3.200194396973e+02 1.575359776936e-03
3.200204162598e+02 2.243796693565e-03
3.200213928223e+02 -3.915416188246e-03
3.200223693848e+02 3.588239363395e-03
3.200233459473e+02 -2.969124696614e-03
3.200243225098e+02 -2.377751284526e-04
3.200252990723e+02 4.600668648848e-03
3.200262756348e+02 9.827592243633e-04
3.200272521973e+02 2.016051865014e-03
3.200282287598e+02 4.378278165396e-04
3.200292053223e+02 -4.674864991026e-03
3.200301818848e+02 -9.686224920673e-04
3.200311584473e+02 -1.682239612373e-03
3.200321350098e+02 -1.330546919124e-03
3.200331115723e+02 -6.102122596659e-03
3.200340881348e+02 3.012004280102e-03
3.200350646973e+02 -3.274652636617e-03
3.200360412598e+02 1.651512820485e-03
3.200370178223e+02 -2.642112380590e-03
3.200379943848e+02 -7.994700453924e-04
3.200389709473e+02 -5.940721794010e-03
3.200399475098e+02 -1.661937196514e-03
3.200409240723e+02 1.025239501416e-04
3.200419006348e+02 -6.194554861563e-04
3.200428771973e+02 -7.569143535594e-04
3.200438537598e+02 -5.014240979893e-03
3.200448303223e+02 1.869940250522e-03
3.200458068848e+02 -4.808655967229e-03
3.200467834473e+02 -3.356263558538e-03
3.200477600098e+02 1.515323830099e-03
3.200487365723e+02 -5.679426462996e-04
3.200497131348e+02 -5.024456262819e-03
3.200506896973e+02 -2.038433648609e-03
3.200516662598e+02 3.766201913428e-03
3.200526428223e+02 4.554776884889e-03
3.200536193848e+02 3.255072033041e-03
3.200545959473e+02 1.504262280387e-03
3.200555725098e+02 -6.668404061430e-05
3.200565490723e+02 -7.295959819196e-03
3.200575256348e+02 -4.520645356321e-03
3.200585021973e+02 9.402968138039e-04
3.200594787598e+02 -1.869832842947e-03
3.200604553223e+02 -3.254339611131e-03
3.200614318848e+02 -2.012112951481e-03
3.200624084473e+02 -6.441529699152e-04
3.200633850098e+02 -9.441317768309e-04
3.200643615723e+02 2.425237293995e-03
3.200653381348e+02 3.726528106307e-03
3.200663146973e+02 5.056232692551e-03
3.200672912598e+02 7.131957154469e-04
3.200682678223e+02 -7.103359291583e-05
3.200692443848e+02 4.788021076647e-04
3.200702209473e+02 9.392820744807e-05
3.200711975098e+02 1.811911430589e-03
3.200721740723e+02 2.343213907912e-03
3.200731506348e+02 3.468917534607e-03
3.200741271973e+02 2.198691234117e-03
3.200751037598e+02 1.389381355474e-03
3.200760803223e+02 1.541929169221e-04
3.200770568848e+02 -8.782058626306e-05
3.200780334473e+02 1.304872813214e-03
3.200790100098e+02 2.971164091983e-05
3.200799865723e+02 1.331059757512e-03
3.200809631348e+02 4.180411298946e-04
3.200819396973e+02 -1.589634970828e-03
3.200829162598e+02 -1.403492398167e-03
3.200838928223e+02 2.075457671516e-03
3.200848693848e+02 -4.722014591864e-04
3.200858459473e+02 6.503436278249e-04
3.200868225098e+02 3.051763441078e-03
3.200877990723e+02 1.707586354657e-05
3.200887756348e+02 -2.062835076083e-03
3.200897521973e+02 1.945244017250e-04
3.200907287598e+02 -2.078400650992e-04
3.200917053223e+02 -2.102861504300e-03
3.200926818848e+02 4.633730572015e-04
3.200936584473e+02 -1.263310969275e-03
3.200946350098e+02 1.516422224545e-03
3.200956115723e+02 6.655592042427e-04
3.200965881348e+02 -1.953053567191e-03
3.200975646973e+02 -1.538413836117e-03
3.200985412598e+02 -1.657253820933e-03
3.200995178223e+02 -3.973759363090e-03
3.201004943848e+02 5.671130390118e-05
3.201014709473e+02 1.488877963212e-03
3.201024475098e+02 -5.390525120233e-04
3.201034240723e+02 1.282623471146e-05
3.201044006348e+02 1.247523128636e-03
3.201053771973e+02 2.269294608137e-03
3.201063537598e+02 -1.696178993681e-03
3.201073303223e+02 1.214589653485e-03
3.201083068848e+02 5.181531198563e-03
3.201092834473e+02 -1.046711852199e-03
3.201102600098e+02 -2.308350911109e-03
3.201112365723e+02 5.358135954724e-04
3.201122131348e+02 -3.298240103023e-03
3.201131896973e+02 -6.084432414087e-03
3.201141662598e+02 1.011865306278e-03
3.201151428223e+02 -4.521080708667e-03
3.201161193848e+02 -4.873651259165e-03
3.201170959473e+02 -1.060327771005e-02
3.201180725098e+02 -1.144739324582e-03
3.201190490723e+02 -2.030238009563e-04
3.201200256348e+02 3.425135536754e-03
3.201210021973e+02 7.618759993982e-03
3.201219787598e+02 -3.394368809753e-03
3.201229553223e+02 -3.142523199570e-03
3.201239318848e+02 -9.834397902297e-04
3.201249084473e+02 -5.454608684578e-05
3.201258850098e+02 5.574110295884e-03
3.201268615723e+02 3.071740296351e-03
3.201278381348e+02 7.381796233795e-03
3.201288146973e+02 1.873576134026e-03
3.201297912598e+02 6.327874484213e-03
3.201307678223e+02 4.113211350305e-03
3.201317443848e+02 2.366365545136e-03
3.201327209473e+02 4.096729502951e-05
3.201336975098e+02 -2.050325491062e-03
3.201346740723e+02 5.249811660257e-04
3.201356506348e+02 -8.990097472905e-04
3.201366271973e+02 1.327250774661e-05
3.201376037598e+02 -4.092311576668e-03
3.201385803223e+02 1.487957756860e-04
3.201395568848e+02 -3.733459411567e-03
3.201405334473e+02 8.401812714052e-04
3.201415100098e+02 -1.852839677124e-03
3.201424865723e+02 1.528563333635e-03
3.201434631348e+02 -6.016949939415e-03
3.201444396973e+02 -4.818288078283e-03
3.201454162598e+02 -3.406092328681e-03
3.201463928223e+02 -2.480377553496e-03
3.201473693848e+02 1.551974727913e-03
3.201483459473e+02 2.453511116215e-03
3.201493225098e+02 5.979472921186e-03
3.201502990723e+02 -6.681403239026e-04
3.201512756348e+02 6.775690638982e-04
3.201522521973e+02 2.697957621511e-05
3.201532287598e+02 -2.991063260049e-03
3.201542053223e+02 -5.318882121949e-04
3.201551818848e+02 2.042085506158e-03
3.201561584473e+02 1.402860588903e-03
3.201571350098e+02 -3.810512485296e-03
3.201581115723e+02 -1.076862982400e-03
3.201590881348e+02 3.493240522365e-03
3.201600646973e+02 2.677660592423e-03
3.201610412598e+02 -1.484767269085e-04
3.201620178223e+02 -4.427448006160e-03
3.201629943848e+02 -5.029233694534e-03
3.201639709473e+02 -1.896681130613e-04
3.201649475098e+02 2.393304938505e-03
3.201659240723e+02 1.547465517112e-03
3.201669006348e+02 3.724329886903e-03
3.201678771973e+02 6.694521268290e-03
3.201688537598e+02 4.713115439162e-03
3.201698303223e+02 5.119366412133e-03
3.201708068848e+02 -4.361330775943e-04
3.201717834473e+02 -1.796250905477e-03
3.201727600098e+02 -2.696161398202e-03
3.201737365723e+02 3.792626561060e-03
3.201747131348e+02 3.018941068990e-03
3.201756896973e+02 -1.899140686594e-03
3.201766662598e+02 1.321735683278e-03
3.201776428223e+02 4.225091181211e-03
3.201786193848e+02 3.853558961797e-03
3.201795959473e+02 2.824102535871e-03
3.201805725098e+02 2.804507388761e-03
3.201815490723e+02 2.761602056065e-03
3.201825256348e+02 -1.626578981947e-05
3.201835021973e+02 -5.066718818995e-03
3.201844787598e+02 4.588319519539e-03
3.201854553223e+02 2.066345312990e-03
3.201864318848e+02 1.668034871174e-03
3.201874084473e+02 4.969471213820e-03
3.201883850098e+02 -1.424854227032e-03
3.201893615723e+02 -3.723377643053e-03
3.201903381348e+02 -2.085563997146e-03
3.201913146973e+02 -3.686133321368e-03
3.201922912598e+02 -2.972643039753e-03
3.201932678223e+02 -7.587398889435e-03
3.201942443848e+02 -2.846086637257e-03
3.201952209473e+02 7.192549451087e-04
3.201961975098e+02 6.612532154880e-05
3.201971740723e+02 -8.795372665454e-04
3.201981506348e+02 4.253708326201e-04
3.201991271973e+02 1.125363760994e-03
3.202001037598e+02 -1.258693635644e-03
3.202010498047e+02 -1.801039900494e-03
3.202020263672e+02 -5.311084999577e-03
3.202030029297e+02 1.136779362313e-03
3.202039794922e+02 -6.624759023881e-06
3.202049560547e+02 -3.136151462741e-03
3.202059326172e+02 1.742263519071e-03
3.202069091797e+02 -9.820994009143e-04
3.202078857422e+02 -3.615598850321e-03
3.202088623047e+02 -3.120093732257e-03
3.202098388672e+02 3.937041946490e-03
3.202108154297e+02 2.077966788762e-03
3.202117919922e+02 4.468481156875e-04
3.202127685547e+02 3.390875262147e-03
3.202137451172e+02 2.506972670421e-03
3.202147216797e+02 1.359399264054e-03
3.202156982422e+02 -1.795060362246e-03
3.202166748047e+02 2.008493638070e-04
3.202176513672e+02 4.268245899752e-03
3.202186279297e+02 2.235447989784e-03
3.202196044922e+02 -2.312615266017e-03
3.202205810547e+02 1.348582093397e-03
3.202215576172e+02 6.743975005991e-03
3.202225341797e+02 7.987097165866e-03
3.202235107422e+02 7.398795002455e-03
3.202244873047e+02 5.783446586650e-03
3.202254638672e+02 4.941863771561e-03
3.202264404297e+02 7.370096795144e-04
3.202274169922e+02 -7.335440417852e-05
3.202283935547e+02 4.438909741477e-03
3.202293701172e+02 -4.560353018882e-03
3.202303466797e+02 2.478400824963e-03
3.202313232422e+02 5.152987724917e-03
3.202322998047e+02 2.289604772599e-03
3.202332763672e+02 3.849797431696e-04
3.202342529297e+02 -1.750216090363e-03
3.202352294922e+02 -1.942738982923e-03
3.202362060547e+02 2.685288556805e-03
3.202371826172e+02 6.643894630334e-04
3.202381591797e+02 4.294003750192e-04
3.202391357422e+02 2.182119711571e-03
3.202401123047e+02 -1.457574436754e-03
3.202410888672e+02 -2.284515966205e-03
3.202420654297e+02 2.128911834745e-03
3.202430419922e+02 -3.961935469935e-03
3.202440185547e+02 1.200113591930e-03
3.202449951172e+02 3.817756357329e-03
3.202459716797e+02 3.807412268760e-04
3.202469482422e+02 4.604049901298e-03
3.202479248047e+02 4.442041608080e-03
3.202489013672e+02 1.865130274670e-03
3.202498779297e+02 -1.863685100384e-03
3.202508544922e+02 -1.318691435506e-03
3.202518310547e+02 1.682153304843e-03
3.202528076172e+02 2.072527507040e-03
3.202537841797e+02 3.358907143869e-03
3.202547607422e+02 9.534319496015e-04
3.202557373047e+02 -8.827369036335e-04
3.202567138672e+02 -2.027949429513e-03
3.202576904297e+02 4.817702701039e-04
3.202586669922e+02 5.567088868396e-03
3.202596435547e+02 -4.902683014084e-03
3.202606201172e+02 -3.558351208899e-03
3.202615966797e+02 -1.810300555383e-03
3.202625732422e+02 -2.395348901081e-03
3.202635498047e+02 1.317055764766e-03
3.202645263672e+02 1.481292556548e-03
3.202655029297e+02 -2.695448824640e-04
3.202664794922e+02 -1.917920352718e-04
3.202674560547e+02 4.985140560420e-03
3.202684326172e+02 2.743901621493e-03
3.202694091797e+02 -1.104477577217e-03
3.202703857422e+02 1.504760217613e-03
3.202713623047e+02 1.979340885716e-03
3.202723388672e+02 3.098595289540e-03
3.202733154297e+02 2.595280055291e-03
3.202742919922e+02 2.495370744973e-03
3.202752685547e+02 6.011773633399e-04
3.202762451172e+02 2.906351227522e-03
3.202772216797e+02 2.582169655422e-03
3.202781982422e+02 -1.407108850556e-03
3.202791748047e+02 1.766763055795e-03
3.202801513672e+02 -1.118540101727e-03
3.202811279297e+02 -1.320085469004e-03
3.202821044922e+02 4.262093508026e-04
3.202830810547e+02 2.111497502482e-03
3.202840576172e+02 -2.930373569437e-03
3.202850341797e+02 -4.769147622610e-03
3.202860107422e+02 -1.276519001557e-03
3.202869873047e+02 -1.203512606564e-03
3.202879638672e+02 -3.145629316966e-03
3.202889404297e+02 -8.301684058631e-04
3.202899169922e+02 1.317023578257e-03
3.202908935547e+02 2.193840131057e-03
3.202918701172e+02 5.558184649299e-04
3.202928466797e+02 -7.402837032028e-04
3.202938232422e+02 -2.905813593600e-03
3.202947998047e+02 -3.602074078942e-03
3.202957763672e+02 -2.924865623161e-04
3.202967529297e+02 -3.245832120569e-03
3.202977294922e+02 -3.584469488643e-03
3.202987060547e+02 -3.834222260439e-03
3.202996826172e+02 -4.759621846248e-03
3.203006591797e+02 -3.251913701973e-03
3.203016357422e+02 -5.566723611115e-03
3.203026123047e+02 -1.470363448363e-03
3.203035888672e+02 -4.731861339253e-03
3.203045654297e+02 1.527401400635e-03
3.203055419922e+02 1.986592506353e-04
3.203065185547e+02 -5.986722396056e-04
3.203074951172e+02 -1.175773557242e-03
3.203084716797e+02 3.352358500446e-03
3.203094482422e+02 6.050415803279e-03
3.203104248047e+02 5.950938030610e-03
3.203114013672e+02 4.953432020382e-04
3.203123779297e+02 -3.571502616766e-03
3.203133544922e+02 -5.885821264402e-04
3.203143310547e+02 -2.884474891339e-03
3.203153076172e+02 -2.040559627180e-03
3.203162841797e+02 2.677894242641e-03
3.203172607422e+02 4.233300410116e-03
3.203182373047e+02 1.078071764653e-03
3.203192138672e+02 -2.435212250981e-03
3.203201904297e+02 -2.143055302366e-03
3.203211669922e+02 -3.407772226069e-03
3.203221435547e+02 -3.852727298149e-04
3.203231201172e+02 -1.336328450733e-03
3.203240966797e+02 -8.071493532179e-03
3.203250732422e+02 -3.820087375887e-03
3.203260498047e+02 2.627816563490e-03
3.203270263672e+02 5.482659123480e-03
3.203280029297e+02 3.682551320465e-03
3.203289794922e+02 -3.533731866833e-03
3.203299560547e+02 -6.027610111430e-03
3.203309326172e+02 -5.212529430016e-03
3.203319091797e+02 -3.876290743883e-03
3.203328857422e+02 2.485666869924e-03
3.203338623047e+02 -3.357566992972e-03
3.203348388672e+02 -7.919339913769e-04
3.203358154297e+02 2.136464458853e-03
3.203367919922e+02 3.235527132649e-04
3.203377685547e+02 3.101855425345e-03
3.203387451172e+02 3.003779553988e-03
3.203397216797e+02 -5.498666547641e-03
3.203406982422e+02 -8.740204391769e-04
3.203416748047e+02 -5.046675921772e-03
3.203426513672e+02 -5.641703396781e-03
3.203436279297e+02 -5.769193446477e-04
3.203446044922e+02 -1.638851243613e-03
3.203455810547e+02 -3.562537362510e-03
3.203465576172e+02 -4.451757165640e-03
3.203475341797e+02 -4.989036797025e-03
3.203485107422e+02 2.188716038712e-03
3.203494873047e+02 1.960697863247e-03
3.203504638672e+02 -7.114820818283e-04
3.203514404297e+02 -2.182090862921e-03
3.203524169922e+02 -3.231099103378e-04
3.203533935547e+02 6.948657842708e-03
3.203543701172e+02 3.903384632499e-03
3.203553466797e+02 4.366562097049e-03
3.203563232422e+02 4.740651832682e-03
3.203572998047e+02 -3.354413668695e-03
3.203582763672e+02 -8.101528552527e-03
3.203592529297e+02 -6.106404117706e-03
3.203602294922e+02 -5.968226239439e-03
3.203612060547e+02 -1.178071674036e-03
3.203621826172e+02 -4.097901062102e-03
3.203631591797e+02 -1.240611492909e-03
3.203641357422e+02 1.008040356832e-03
3.203651123047e+02 1.776903236864e-03
3.203660888672e+02 -4.071737482826e-03
3.203670654297e+02 -1.787868227047e-03
3.203680419922e+02 2.742270361498e-03
3.203690185547e+02 3.208712730225e-03
3.203699951172e+02 -1.255418360258e-03
3.203709716797e+02 1.827501979845e-03
3.203719482422e+02 2.418968315578e-03
3.203729248047e+02 4.134345250997e-03
3.203739013672e+02 1.365984147103e-03
3.203748779297e+02 3.613846473681e-03
3.203758544922e+02 1.920714767609e-04
3.203768310547e+02 8.056370164151e-03
3.203778076172e+02 8.535539078817e-03
3.203787841797e+02 -3.677879150558e-04
3.203797607422e+02 3.432613059006e-03
3.203807373047e+02 -1.110463075930e-03
3.203817138672e+02 2.027026064115e-04
3.203826904297e+02 2.258987534054e-03
3.203836669922e+02 3.427759810179e-03
3.203846435547e+02 5.232012520388e-04
3.203856201172e+02 -3.687823947593e-03
3.203865966797e+02 -1.677217712196e-04
3.203875732422e+02 3.127904980931e-04
3.203885498047e+02 -5.406412858262e-03
3.203895263672e+02 -2.689773210491e-03
3.203905029297e+02 -3.756698309995e-03
3.203914794922e+02 -3.035589362322e-03
3.203924560547e+02 2.102187018107e-03
3.203934326172e+02 1.081852725869e-03
3.203944091797e+02 6.370685999193e-04
3.203953857422e+02 -1.034894277136e-03
3.203963623047e+02 2.194227799685e-03
3.203973388672e+02 1.392674154627e-03
3.203983154297e+02 -2.080957511560e-03
3.203992919922e+02 6.736131034366e-04
3.204002685547e+02 -3.251661931942e-03
3.204012451172e+02 -1.550512536500e-04
3.204022216797e+02 7.587383630645e-03
3.204031982422e+02 3.387673300478e-03
3.204041748047e+02 2.241736518525e-03
3.204051513672e+02 -1.927340003005e-03
3.204061279297e+02 1.883629798950e-04
3.204071044922e+02 1.810646739176e-03
3.204080810547e+02 1.633178192463e-03
3.204090576172e+02 -3.311771311704e-03
3.204100341797e+02 2.474504588358e-03
3.204110107422e+02 1.473275373817e-03
3.204119873047e+02 -1.136487701871e-04
3.204129638672e+02 -1.612094598093e-03
3.204139404297e+02 -2.035443164229e-03
3.204149169922e+02 -3.949142166792e-03
3.204158935547e+02 -3.793415249758e-03
3.204168701172e+02 -4.327725139180e-03
3.204178466797e+02 -2.401354426955e-03
3.204188232422e+02 -5.679352553233e-03
3.204197998047e+02 -2.739960323775e-03
3.204207763672e+02 -3.063476469589e-03
3.204217529297e+02 -9.852159491237e-04
3.204227294922e+02 5.415936250438e-03
3.204237060547e+02 -1.556974365754e-03
3.204246826172e+02 -3.191038760117e-03
3.204256591797e+02 4.001597058104e-04
3.204266357422e+02 -1.316438379826e-03
3.204276123047e+02 -1.506004643446e-03
3.204285888672e+02 4.178389270881e-03
3.204295654297e+02 6.696509202497e-03
3.204305419922e+02 -4.404649943707e-03
3.204315185547e+02 4.083892539403e-03
3.204324951172e+02 1.371890014006e-03
3.204334716797e+02 3.770747602273e-03
3.204344482422e+02 3.641171628330e-03
3.204354248047e+02 9.907102459355e-04
3.204364013672e+02 3.428583546409e-03
3.204373779297e+02 4.443433018974e-03
3.204383544922e+02 -1.994265293430e-03
3.204393310547e+02 -4.157693583558e-03
3.204403076172e+02 -5.619627742657e-03
3.204412841797e+02 -3.507615196415e-04
3.204422607422e+02 -5.020656228115e-04
3.204432373047e+02 -2.732905517684e-03
3.204442138672e+02 -2.890379327731e-03
3.204451904297e+02 -6.486242125554e-04
3.204461669922e+02 -1.199562487358e-03
3.204471435547e+02 7.515563844977e-03
3.204481201172e+02 3.494299100907e-03
3.204490966797e+02 2.211829767379e-03
3.204500732422e+02 -3.587938717552e-03
3.204510498047e+02 -9.609644869428e-04
3.204520263672e+02 -2.011164760747e-03
3.204530029297e+02 -2.247494327484e-03
3.204539794922e+02 6.563198878172e-04
3.204549560547e+02 3.560774495452e-03
3.204559326172e+02 -3.985559652805e-03
3.204569091797e+02 -1.392763203970e-03
3.204578857422e+02 5.391808289087e-03
3.204588623047e+02 1.179483827347e-03
3.204598388672e+02 1.919066877917e-03
3.204608154297e+02 5.723092827832e-03
3.204617919922e+02 2.176311357871e-03
3.204627685547e+02 1.258701622667e-03
3.204637451172e+02 -1.466296742466e-03
3.204647216797e+02 -3.455126211244e-03
3.204656982422e+02 -2.853772298938e-03
3.204666748047e+02 -3.556847979686e-03
3.204676513672e+02 -2.232045518080e-03
3.204686279297e+02 1.049636652257e-03
3.204696044922e+02 -1.152443642518e-04
3.204705810547e+02 -4.604807595578e-03
3.204715576172e+02 -2.429908152600e-03
3.204725341797e+02 -8.329942026014e-04
3.204735107422e+02 -2.539512754898e-03
3.204744873047e+02 -5.207033881507e-03
3.204754638672e+02 -3.805806817576e-04
3.204764404297e+02 9.994634268551e-04
3.204774169922e+02 2.880195039222e-03
3.204783935547e+02 1.137564757854e-05
3.204793701172e+02 1.127172404421e-03
3.204803466797e+02 -6.615596727836e-04
3.204813232422e+02 -3.918864436319e-03
3.204822998047e+02 -1.999577855671e-03
3.204832763672e+02 1.892861933015e-03
3.204842529297e+02 1.067803075964e-03
3.204852294922e+02 -2.133958917886e-03
3.204862060547e+02 -4.033182812568e-03
3.204871826172e+02 -3.588955096003e-03
3.204881591797e+02 -3.455773756136e-03
3.204891357422e+02 5.353575960763e-03
3.204901123047e+02 -1.321780267554e-03
3.204910888672e+02 -2.126857381752e-03
3.204920654297e+02 2.255182850188e-03
3.204930419922e+02 -6.463368842035e-04
3.204940185547e+02 -2.878784793260e-03
3.204949951172e+02 1.493327807784e-03
3.204959716797e+02 -3.386407059344e-03
3.204969482422e+02 1.924943538543e-03
3.204979248047e+02 2.474102853033e-03
3.204989013672e+02 -3.487378286064e-03
3.204998779297e+02 -3.944651791060e-03
3.205008544922e+02 -1.834748712901e-03
3.205018310547e+02 -2.904937166862e-03
3.205028076172e+02 4.457673284543e-03
3.205037841797e+02 3.414614362778e-03
3.205047607422e+02 2.303390612335e-03
3.205057373047e+02 3.944018551283e-03
3.205067138672e+02 3.314843096823e-03
3.205076904297e+02 2.393225545114e-03
3.205086669922e+02 6.622215108697e-03
3.205096435547e+02 1.121397429324e-03
3.205106201172e+02 -5.367784159032e-04
3.205115966797e+02 8.109313634760e-04
3.205125732422e+02 1.394650167904e-03
3.205135498047e+02 1.109585337889e-03
3.205145263672e+02 -9.835273494570e-04
3.205155029297e+02 -2.263037789068e-03
3.205164794922e+02 -1.678086837365e-03
3.205174560547e+02 2.596052293106e-03
3.205184326172e+02 2.237389044936e-04
3.205194091797e+02 -2.962231180699e-04
3.205203857422e+02 9.288170182795e-04
3.205213623047e+02 2.406732673518e-03
3.205223388672e+02 5.860259334439e-03
3.205233154297e+02 -9.483221027669e-04
3.205242919922e+02 -1.231067954362e-03
3.205252685547e+02 -4.848391643975e-04
3.205262451172e+02 -9.777672159170e-04
3.205272216797e+02 7.926934141921e-04
3.205281982422e+02 2.062889435522e-03
3.205291748047e+02 2.489369033797e-03
3.205301513672e+02 2.498293995311e-03
3.205311279297e+02 2.018744802993e-03
3.205321044922e+02 -6.130342774696e-03
3.205330810547e+02 -3.773299634865e-03
3.205340576172e+02 -1.337877352006e-05
3.205350341797e+02 6.349662605517e-03
3.205360107422e+02 1.739211880322e-03
3.205369873047e+02 6.031182098752e-04
3.205379638672e+02 2.423734303201e-03
3.205389404297e+02 1.966895435296e-03
3.205399169922e+02 1.297036232565e-03
3.205408935547e+02 -6.531353783886e-03
3.205418701172e+02 -4.424741955159e-03
3.205428466797e+02 -3.661025459610e-03
3.205438232422e+02 8.230298552425e-04
3.205447998047e+02 -1.076038983909e-02
3.205457763672e+02 -1.468318532113e-03
3.205467529297e+02 -4.560306288838e-03
3.205477294922e+02 2.127986055359e-03
3.205487060547e+02 3.658397371488e-03
3.205496826172e+02 3.287458099109e-03
3.205506591797e+02 -2.353615157338e-03
3.205516357422e+02 -4.794043828264e-04
3.205526123047e+02 3.387765330054e-03
3.205535888672e+02 -1.574095562360e-03
3.205545654297e+02 -1.186526116461e-03
3.205555419922e+02 -7.846990004365e-04
3.205565185547e+02 5.999443339157e-03
3.205574951172e+02 2.731483112374e-03
3.205584716797e+02 3.288412727145e-03
