#title: Spectral profile - NGC_1052.SPW3.contsub.NatClean.image-raster
#region (world): Point[[02:41:04.798, -08d15m20.751]]
#region (pixel): Point[[256, 256]]
#coordinate: world
#xLabel: radio velocity [km/s]
#yLabel: [Jy/beam] Mean

# NGC_1052.SPW3.contsub.NatClean.image-raster
2.370678955078e+03 -1.421548791694e-03
2.369767822266e+03 5.454902311973e-04
2.368856445312e+03 -3.139148622841e-03
2.367945068359e+03 -5.799645699358e-03
2.367033691406e+03 1.969332430918e-03
2.366122314453e+03 -3.785487891231e-04
2.365210937500e+03 -1.362639372698e-03
2.364299560547e+03 -4.585847595593e-03
2.363388183594e+03 -1.605293081952e-04
2.362476806641e+03 -7.971865317379e-04
2.361565429688e+03 4.430367262986e-04
2.360654052734e+03 -1.427478262038e-04
2.359742675781e+03 -1.785390938683e-03
2.358831298828e+03 1.590586141795e-03
2.357919921875e+03 1.861578910556e-03
2.357008544922e+03 -1.781505550124e-03
2.356097167969e+03 -3.913311846162e-04
2.355186035156e+03 -1.801490273211e-04
2.354274658203e+03 2.771827412176e-04
2.353363281250e+03 3.524229932330e-03
2.352451904297e+03 1.353072230710e-03
2.351540527344e+03 -1.647939909291e-04
2.350629150391e+03 2.909047741780e-03
2.349717773438e+03 4.197812279769e-03
2.348806396484e+03 1.123309069582e-03
2.347895019531e+03 -2.826203838118e-04
2.346983642578e+03 -4.732557044700e-03
2.346072265625e+03 -2.645869380738e-03
2.345160888672e+03 1.259472072342e-03
2.344249511719e+03 3.293210186021e-03
2.343338134766e+03 4.117241101320e-03
2.342426757812e+03 2.742372643073e-03
2.341515380859e+03 -5.397619503810e-03
2.340604248047e+03 -2.787268532580e-03
2.339692871094e+03 -7.692041762447e-04
2.338781494141e+03 1.101125531045e-03
2.337870117188e+03 2.396227086156e-04
2.336958740234e+03 4.904115909813e-03
2.336047363281e+03 3.726629195789e-03
2.335135986328e+03 -3.032621885337e-04
2.334224609375e+03 9.745781288515e-04
2.333313232422e+03 -3.496736454157e-04
2.332401855469e+03 8.826535614350e-05
2.331490478516e+03 7.041631079394e-04
2.330579101562e+03 1.936862799134e-03
2.329667724609e+03 -1.804427888268e-04
2.328756347656e+03 1.357071821774e-03
2.327844970703e+03 -2.703291306149e-03
2.326933593750e+03 -4.884732895644e-04
2.326022460938e+03 -4.197401246119e-03
2.325111083984e+03 3.228171501902e-03
2.324199707031e+03 -9.318423117734e-04
2.323288330078e+03 -5.552560116333e-03
2.322376953125e+03 -3.391622227591e-03
2.321465576172e+03 -3.767084539050e-03
2.320554199219e+03 -5.283943904081e-03
2.319642822266e+03 -2.273362744545e-03
2.318731445312e+03 1.469929884157e-03
2.317820068359e+03 1.781331146926e-03
2.316908691406e+03 -1.595370487649e-03
2.315997314453e+03 3.460717604027e-03
2.315085937500e+03 2.848564998505e-03
2.314174560547e+03 4.693773015758e-03
2.313263183594e+03 2.865950720537e-03
2.312351806641e+03 1.427048870157e-03
2.311440673828e+03 1.028345991341e-03
2.310529296875e+03 -6.914902061839e-04
2.309617919922e+03 -3.738944469659e-03
2.308706542969e+03 -2.753579747335e-03
2.307795166016e+03 2.100061277955e-03
2.306883789062e+03 6.009486007023e-04
2.305972412109e+03 -3.303757466834e-04
2.305061035156e+03 -1.797857608358e-03
2.304149658203e+03 6.758931600214e-04
2.303238281250e+03 1.911762596574e-04
2.302326904297e+03 2.605898504053e-04
2.301415527344e+03 3.125225215579e-03
2.300504150391e+03 2.624103193944e-03
2.299592773438e+03 -1.696904978288e-03
2.298681396484e+03 -5.427044291775e-04
2.297770019531e+03 1.564647391249e-03
2.296858886719e+03 3.554694582978e-03
2.295947509766e+03 -1.585502461400e-03
2.295036132812e+03 4.898905986775e-03
2.294124755859e+03 6.435175247671e-04
2.293213378906e+03 1.546608879116e-03
2.292302001953e+03 5.596464899759e-03
2.291390625000e+03 4.145138937423e-03
2.290479248047e+03 6.347018185722e-04
2.289567871094e+03 -4.484127257662e-03
2.288656494141e+03 -1.135326677842e-03
2.287745117188e+03 -2.321589580179e-03
2.286833740234e+03 2.316963782688e-04
2.285922363281e+03 -1.054221084123e-03
2.285010986328e+03 2.323375573840e-03
2.284099609375e+03 4.293216432402e-03
2.283188232422e+03 2.739493500175e-03
2.282277099609e+03 4.315599169671e-03
2.281365722656e+03 2.703592667247e-03
2.280454345703e+03 1.101819448353e-03
2.279542968750e+03 -1.527497602536e-03
2.278631591797e+03 -1.269205153668e-03
2.277720214844e+03 5.159454590764e-03
2.276808837891e+03 -1.051207234721e-03
2.275897460938e+03 -3.828793469135e-03
2.274986083984e+03 -4.222605905824e-03
2.274074707031e+03 -2.935244461240e-03
2.273163330078e+03 1.402857489461e-03
2.272251953125e+03 -1.694193324450e-03
2.271340576172e+03 -8.306745089259e-04
2.270429199219e+03 -2.026393509792e-04
2.269517822266e+03 1.090163044257e-03
2.268606445312e+03 1.553271963463e-03
2.267695068359e+03 6.616264180680e-03
2.266783935547e+03 4.880826228226e-03
2.265872558594e+03 6.500611763011e-05
2.264961181641e+03 6.703827103502e-04
2.264049804688e+03 1.782810534279e-03
2.263138427734e+03 -1.622143226424e-03
2.262227050781e+03 6.472171852440e-04
2.261315673828e+03 -1.171099599196e-03
2.260404296875e+03 -4.701002821094e-03
2.259492919922e+03 -4.853144399366e-03
2.258581542969e+03 -1.790491427588e-03
2.257670166016e+03 3.503514217845e-03
2.256758789062e+03 -3.426926596810e-04
2.255847412109e+03 9.681298000502e-04
2.254936035156e+03 -9.906142228482e-04
2.254024658203e+03 -2.197647437528e-03
2.253113281250e+03 5.036044359988e-03
2.252202148438e+03 2.601467017713e-03
2.251290771484e+03 1.602129535478e-03
2.250379394531e+03 6.579518630687e-04
2.249468017578e+03 -9.892821781834e-04
2.248556640625e+03 -1.214745221615e-03
2.247645263672e+03 6.548497987886e-04
2.246733886719e+03 8.307717837108e-04
2.245822509766e+03 -7.170518381238e-04
2.244911132812e+03 -2.166830881041e-03
2.243999755859e+03 1.972652409789e-03
2.243088378906e+03 5.403557557223e-03
2.242177001953e+03 1.411811776461e-04
2.241265625000e+03 1.037462164565e-03
2.240354248047e+03 1.185413774528e-03
2.239442871094e+03 -2.103056053869e-03
2.238531494141e+03 -9.780729281546e-04
2.237620361328e+03 -1.873231023117e-04
2.236708984375e+03 -2.668158419501e-03
2.235797607422e+03 -9.231120786431e-04
2.234886230469e+03 -2.989763163475e-03
2.233974853516e+03 1.076385072335e-03
2.233063476562e+03 -5.626673965678e-03
2.232152099609e+03 -3.667031700740e-03
2.231240722656e+03 -3.021688008780e-04
2.230329345703e+03 -8.745021043342e-04
2.229417968750e+03 8.252353464132e-04
2.228506591797e+03 4.610895137448e-04
2.227595214844e+03 -8.978658148937e-04
2.226683837891e+03 -1.837606815359e-04
2.225772460938e+03 -5.911192578702e-04
2.224861083984e+03 -1.596558289066e-03
2.223949707031e+03 -1.983024274124e-04
2.223038574219e+03 -1.443810293110e-03
2.222127197266e+03 1.250364482187e-03
2.221215820312e+03 4.646225494293e-04
2.220304443359e+03 6.623975949197e-04
2.219393066406e+03 1.823382702649e-03
2.218481689453e+03 3.369041364473e-03
2.217570312500e+03 -2.112184267232e-04
2.216658935547e+03 5.532070512078e-05
2.215747558594e+03 4.276741230966e-03
2.214836181641e+03 -1.027218152199e-03
2.213924804688e+03 1.520651174293e-03
2.213013427734e+03 -2.338626972651e-03
2.212102050781e+03 -7.337578645178e-03
2.211190673828e+03 1.006426978230e-03
2.210279296875e+03 -7.968011280865e-04
2.209367919922e+03 6.232558188830e-04
2.208456787109e+03 2.307725300727e-03
2.207545410156e+03 -1.576179340840e-04
2.206634033203e+03 2.158336026664e-03
2.205722656250e+03 3.887493795028e-03
2.204811279297e+03 3.566199233640e-03
2.203899902344e+03 4.048363758686e-04
2.202988525391e+03 -6.163177782970e-04
2.202077148438e+03 -2.264650213995e-03
2.201165771484e+03 5.657353669894e-03
2.200254394531e+03 1.637624460756e-03
2.199343017578e+03 -5.790907419600e-04
2.198431640625e+03 -8.665690237610e-04
2.197520263672e+03 -1.229565276492e-04
2.196608886719e+03 -4.538693166779e-03
2.195697509766e+03 -1.334680143808e-03
2.194786132812e+03 -1.917595716005e-03
2.193875000000e+03 7.143128257524e-04
2.192963623047e+03 3.255123531456e-03
2.192052246094e+03 3.896494812072e-03
2.191140869141e+03 1.308603199887e-04
2.190229492188e+03 3.821404161762e-03
2.189318115234e+03 2.798113002166e-03
2.188406738281e+03 2.109228711175e-03
2.187495361328e+03 8.139389424686e-03
2.186583984375e+03 2.532286764259e-03
2.185672607422e+03 -3.769622504945e-03
2.184761230469e+03 3.935226388924e-03
2.183849853516e+03 -6.587900534256e-05
2.182938476562e+03 5.981582091246e-04
2.182027099609e+03 -2.423619147022e-03
2.181115722656e+03 -3.194640072926e-03
2.180204345703e+03 4.853800527327e-03
2.179293212891e+03 4.733290897121e-03
2.178381835938e+03 3.030218625945e-04
2.177470458984e+03 -2.885315793707e-03
2.176559082031e+03 6.127299361389e-04
2.175647705078e+03 -2.793465985420e-03
2.174736328125e+03 -2.346377484189e-03
2.173824951172e+03 -9.151703553961e-04
2.172913574219e+03 -2.473180173088e-03
2.172002197266e+03 -6.144387537021e-03
2.171090820312e+03 -6.118018440920e-03
2.170179443359e+03 1.342061940995e-03
2.169268066406e+03 5.660522729798e-03
2.168356689453e+03 -3.324771085347e-04
2.167445312500e+03 1.802379574553e-03
2.166533935547e+03 5.369423167632e-03
2.165622558594e+03 2.174294813433e-03
2.164711425781e+03 2.705134281853e-03
2.163800048828e+03 -1.440419027080e-04
2.162888671875e+03 6.641026454691e-04
2.161977294922e+03 -1.985511158836e-03
2.161065917969e+03 -2.877577918355e-03
2.160154541016e+03 -1.428820081865e-03
2.159243164062e+03 4.093214706289e-03
2.158331787109e+03 2.531265379018e-03
2.157420410156e+03 1.698964795700e-03
2.156509033203e+03 -1.392541713100e-03
2.155597656250e+03 -1.857718913577e-03
2.154686279297e+03 -5.484355710169e-03
2.153774902344e+03 -1.795358504693e-03
2.152863525391e+03 -1.423639126686e-03
2.151952148438e+03 -4.713286146873e-03
2.151040771484e+03 -4.509021019526e-03
2.150129638672e+03 7.461694237354e-04
2.149218261719e+03 -1.095294408370e-03
2.148306884766e+03 1.390986270216e-03
2.147395507812e+03 -3.125223069812e-04
2.146484130859e+03 -1.183736380535e-03
2.145572753906e+03 -2.629596596686e-03
2.144661376953e+03 -1.355311577321e-03
2.143750000000e+03 -8.444956942175e-04
2.142838623047e+03 -1.182773527057e-03
2.141927246094e+03 -7.873416320928e-04
2.141015869141e+03 1.278208316479e-03
2.140104492188e+03 -3.544127632631e-03
2.139193115234e+03 -1.299043240260e-03
2.138281738281e+03 1.613923268681e-03
2.137370361328e+03 9.896236532096e-04
2.136458984375e+03 1.671095450619e-03
2.135547851562e+03 -4.750895249001e-03
2.134636474609e+03 -2.783224118822e-04
2.133725097656e+03 -6.422541446564e-04
2.132813720703e+03 -1.036942173619e-03
2.131902343750e+03 -4.860238306105e-03
2.130990966797e+03 -5.542384887730e-03
2.130079589844e+03 -1.558299883710e-04
2.129168212891e+03 -1.723088346308e-03
2.128256835938e+03 -2.361845367080e-03
2.127345458984e+03 1.743990265712e-03
2.126434082031e+03 1.432987400407e-03
2.125522705078e+03 1.239287435267e-03
2.124611328125e+03 -2.980724416689e-04
2.123699951172e+03 -8.903024619496e-04
2.122788574219e+03 2.593368176615e-03
2.121877197266e+03 2.012353992676e-03
2.120965820312e+03 2.392828101324e-03
2.120054687500e+03 2.160970075251e-03
2.119143310547e+03 -1.923729034243e-03
2.118231933594e+03 -7.506235956045e-03
2.117320556641e+03 2.322800985037e-03
2.116409179688e+03 2.494350790243e-03
2.115497802734e+03 2.208362922656e-03
2.114586425781e+03 -5.247355948775e-04
2.113675048828e+03 -2.196057185530e-03
2.112763671875e+03 4.936438735349e-04
2.111852294922e+03 -4.072549238522e-04
2.110940917969e+03 -1.147052104119e-03
2.110029541016e+03 7.807110322791e-04
2.109118164062e+03 -9.867804519141e-04
2.108206787109e+03 -4.717334017701e-03
2.107295410156e+03 -4.478042338397e-03
2.106384033203e+03 1.727727972077e-03
2.105472900391e+03 1.727916322764e-03
2.104561523438e+03 -4.118743138440e-03
2.103650146484e+03 -4.279849255711e-03
2.102738769531e+03 -1.496990394170e-03
2.101827392578e+03 -7.614976529371e-04
2.100916015625e+03 -3.169234187930e-03
2.100004638672e+03 -2.981482170574e-03
2.099093261719e+03 3.406533403074e-03
2.098181884766e+03 1.398486084605e-03
2.097270507812e+03 8.297895587229e-04
2.096359130859e+03 7.265262352795e-04
2.095447753906e+03 -1.252331554768e-03
2.094536376953e+03 -1.360932355195e-04
2.093625000000e+03 -8.182269127384e-04
2.092713623047e+03 -1.415503926753e-03
2.091802246094e+03 1.365547841082e-04
2.090891113281e+03 -1.727888189370e-03
2.089979736328e+03 -1.902733684554e-04
2.089068359375e+03 -2.137546163997e-03
2.088156982422e+03 1.980704163216e-03
2.087245605469e+03 2.059126951746e-03
2.086334228516e+03 -2.356073968261e-03
2.085422851562e+03 -1.932657810455e-03
2.084511474609e+03 -1.212879953773e-03
2.083600097656e+03 -7.196777208741e-04
2.082688720703e+03 6.477735946294e-04
2.081777343750e+03 1.370365207911e-03
2.080865966797e+03 -2.905926842431e-03
2.079954589844e+03 -3.905399984843e-03
2.079043212891e+03 1.854122937247e-06
2.078131835938e+03 1.035555531097e-03
2.077220458984e+03 4.417367787366e-04
2.076309326172e+03 2.318891635410e-03
2.075397949219e+03 -3.672811682628e-03
2.074486572266e+03 -3.957091996271e-03
2.073575195312e+03 8.722871956291e-04
2.072663818359e+03 2.198455438131e-03
2.071752441406e+03 -1.273594082290e-03
2.070841064453e+03 -4.251761638410e-03
2.069929687500e+03 -5.233507881788e-03
2.069018310547e+03 -1.562133148004e-03
2.068106933594e+03 -3.566969087269e-03
2.067195556641e+03 -3.258709108638e-03
2.066284179688e+03 -2.167291982595e-03
2.065372802734e+03 1.637275177521e-03
2.064461425781e+03 3.669597800029e-03
2.063550048828e+03 -1.137729460396e-03
2.062638671875e+03 -5.327049031555e-03
2.061727539062e+03 -1.639859873460e-03
2.060816162109e+03 -2.018891907263e-03
2.059904785156e+03 4.282699311541e-03
2.058993408203e+03 -4.070250585287e-04
2.058082031250e+03 -1.152281935109e-03
2.057170654297e+03 -2.691851028506e-03
2.056259277344e+03 -1.857623307722e-03
2.055347900391e+03 -9.985510734153e-05
2.054436523438e+03 -4.409673900244e-03
2.053525146484e+03 -3.104889540327e-03
2.052613769531e+03 -3.463523075580e-03
2.051702392578e+03 -9.176650483170e-04
2.050791015625e+03 -1.677576621581e-03
2.049879638672e+03 -3.729134021500e-03
2.048968261719e+03 -2.183351620427e-03
2.048056884766e+03 3.729888079897e-04
2.047145629883e+03 1.003446865059e-03
2.046234252930e+03 9.142683135603e-05
2.045322875977e+03 -2.276934970285e-03
2.044411499023e+03 1.402367159278e-05
2.043500244141e+03 -1.385850137731e-03
2.042588867188e+03 5.600052622708e-03
2.041677490234e+03 2.131906372241e-03
2.040766113281e+03 -1.592942998968e-04
2.039854736328e+03 8.081411507122e-04
2.038943359375e+03 -1.518235159507e-03
2.038031982422e+03 -2.536864639614e-03
2.037120605469e+03 -6.947377534878e-03
2.036209350586e+03 -1.203467545451e-03
2.035297973633e+03 1.401563710980e-03
2.034386596680e+03 -5.738057766707e-04
2.033475219727e+03 -6.710426172457e-03
2.032563842773e+03 9.542382216697e-04
2.031652465820e+03 2.113514762176e-03
2.030741088867e+03 -6.041027594444e-04
2.029829711914e+03 -9.530333733230e-04
2.028918457031e+03 -3.251548861925e-04
2.028007080078e+03 -4.930707152436e-04
2.027095703125e+03 4.572868564368e-03
2.026184326172e+03 6.464522191967e-04
2.025272949219e+03 2.674018986872e-03
2.024361572266e+03 1.305813851391e-03
2.023450195312e+03 5.106756929722e-03
2.022538818359e+03 -9.207523902490e-04
2.021627563477e+03 -3.857940857070e-03
2.020716186523e+03 -4.901534551734e-04
2.019804809570e+03 2.748284470441e-04
2.018893432617e+03 -1.531092001205e-03
2.017982055664e+03 1.854990093600e-03
2.017070678711e+03 6.257093726761e-03
2.016159301758e+03 -1.727585040132e-03
2.015247924805e+03 2.096774528674e-04
2.014336669922e+03 4.123721795445e-03
2.013425292969e+03 -1.228767095755e-03
2.012513916016e+03 -1.123307758280e-03
2.011602539062e+03 2.024880743836e-03
2.010691162109e+03 -2.775090826237e-03
2.009779785156e+03 1.223181305809e-03
2.008868408203e+03 -7.766137491980e-04
2.007957031250e+03 -4.475284431353e-04
2.007045776367e+03 2.683085807448e-03
2.006134399414e+03 2.257199990672e-04
2.005223022461e+03 -1.579406098043e-03
2.004311645508e+03 1.066238930801e-03
2.003400268555e+03 -7.883437650330e-04
2.002488891602e+03 -3.858313743746e-04
2.001577514648e+03 8.864707771782e-04
2.000666137695e+03 -2.409378404616e-03
1.999754882812e+03 -2.551172616062e-03
1.998843505859e+03 5.718331608581e-03
1.997932128906e+03 6.334388556940e-03
1.997020751953e+03 1.185161170031e-03
1.996109375000e+03 -3.270732796572e-03
1.995197998047e+03 -4.581762054628e-03
1.994286621094e+03 -1.854845254307e-03
1.993375244141e+03 3.944324919172e-03
1.992463989258e+03 1.635618764364e-03
1.991552612305e+03 -1.311161580374e-03
1.990641235352e+03 4.252597593593e-04
1.989729858398e+03 -1.273808420602e-03
1.988818481445e+03 8.288549578484e-04
1.987907104492e+03 3.790655792992e-03
1.986995727539e+03 3.268141901749e-03
1.986084350586e+03 5.660730869227e-04
1.985173095703e+03 4.899434322371e-03
1.984261718750e+03 2.108872275383e-03
1.983350341797e+03 7.179282648622e-04
1.982438964844e+03 1.452272603350e-03
1.981527587891e+03 1.591140703436e-03
1.980616210938e+03 -1.537130786473e-03
1.979704833984e+03 7.247732625934e-04
1.978793457031e+03 -1.858006327188e-03
1.977882202148e+03 -5.904988569351e-03
1.976970825195e+03 -3.130793004921e-03
1.976059448242e+03 2.365948521219e-04
1.975148071289e+03 -1.266314924305e-03
1.974236694336e+03 6.986722681972e-04
1.973325317383e+03 -2.336703649882e-04
1.972413940430e+03 6.516845535821e-04
1.971502563477e+03 3.527683187194e-04
1.970591308594e+03 -8.529852437808e-04
1.969679931641e+03 -3.365638892769e-03
1.968768554688e+03 -1.920140476830e-03
1.967857177734e+03 -4.000758837945e-03
1.966945800781e+03 -1.845202414417e-03
1.966034423828e+03 -1.692495068831e-03
1.965123046875e+03 -4.483449672028e-03
1.964211669922e+03 -1.169373925438e-03
1.963300292969e+03 -1.779509152058e-03
1.962389038086e+03 -3.624729328660e-03
1.961477661133e+03 -1.943680140309e-03
1.960566284180e+03 2.124572199167e-04
1.959654907227e+03 -5.741236005726e-03
1.958743530273e+03 2.481353698810e-04
1.957832153320e+03 3.264405882437e-03
1.956920776367e+03 2.286143649922e-03
1.956009399414e+03 4.231547556640e-03
1.955098144531e+03 4.131542402048e-03
1.954186767578e+03 1.202827510745e-03
1.953275390625e+03 1.072399071131e-03
1.952364013672e+03 9.405890553911e-04
1.951452636719e+03 1.492838215208e-03
1.950541259766e+03 -6.141315394274e-04
1.949629882812e+03 -2.925889392589e-03
1.948718505859e+03 2.096083025355e-03
1.947807250977e+03 -1.116380506135e-03
1.946895874023e+03 -1.013371873351e-03
1.945984497070e+03 -3.334499755930e-04
1.945073120117e+03 2.097576002568e-03
1.944161743164e+03 -8.442137642344e-04
1.943250366211e+03 2.957735440549e-03
1.942338989258e+03 3.920119948616e-03
1.941427612305e+03 1.057246616035e-03
1.940516357422e+03 7.010962700061e-04
1.939604980469e+03 -3.844736281858e-03
1.938693603516e+03 -3.316285290877e-03
1.937782226562e+03 -2.309702506098e-03
1.936870849609e+03 -2.411283965200e-04
1.935959472656e+03 2.731487165490e-03
1.935048095703e+03 7.469251510624e-04
1.934136718750e+03 2.545074106938e-03
1.933225463867e+03 3.652313405897e-03
1.932314086914e+03 -2.682504304506e-03
1.931402709961e+03 1.838843432982e-03
1.930491333008e+03 1.239968358761e-03
1.929579956055e+03 -1.101123266069e-03
1.928668579102e+03 1.244331657384e-03
1.927757202148e+03 1.166604931929e-03
1.926845825195e+03 3.646156484218e-03
1.925934570312e+03 9.946321721433e-04
1.925023193359e+03 2.821676269086e-04
1.924111816406e+03 -8.342128196218e-04
1.923200439453e+03 1.463598827499e-04
1.922289062500e+03 -3.266016638434e-03
1.921377685547e+03 -2.110668997880e-03
1.920466308594e+03 4.522319054825e-04
1.919554931641e+03 3.229976330631e-03
1.918643676758e+03 -2.426308508722e-03
1.917732299805e+03 2.061416962307e-03
1.916820922852e+03 6.176321799860e-04
1.915909545898e+03 -1.509745639746e-04
1.914998168945e+03 -2.852723972396e-03
1.914086791992e+03 -6.917400688666e-03
1.913175415039e+03 -8.170401007580e-03
1.912264038086e+03 -9.109963015288e-04
1.911352783203e+03 -2.288529027919e-03
1.910441406250e+03 -2.399925107505e-03
1.909530029297e+03 -6.849655089278e-05
1.908618652344e+03 -7.104047874274e-04
1.907707275391e+03 -1.641345102069e-03
1.906795898438e+03 -1.780112112673e-03
1.905884521484e+03 6.940138073589e-04
1.904973144531e+03 2.926936884666e-04
1.904061889648e+03 2.829862147870e-05
1.903150512695e+03 1.680859645571e-03
1.902239135742e+03 2.171781643071e-03
1.901327758789e+03 -4.076639905487e-04
1.900416381836e+03 -8.796053350529e-04
1.899505004883e+03 2.310931233556e-05
1.898593627930e+03 1.469521949948e-03
1.897682250977e+03 -9.188909371043e-04
1.896770996094e+03 1.478549789084e-03
1.895859619141e+03 -1.682641705326e-03
1.894948242188e+03 -2.696275839126e-03
1.894036865234e+03 -1.263520628623e-04
1.893125488281e+03 3.714393315310e-03
1.892214111328e+03 3.218120012548e-03
1.891302734375e+03 5.708425576919e-07
1.890391357422e+03 -3.097322372686e-03
1.889480102539e+03 1.289709152444e-03
1.888568725586e+03 5.005370616237e-04
1.887657348633e+03 2.725001702993e-03
1.886745971680e+03 2.192907675950e-03
1.885834594727e+03 4.032784653522e-03
1.884923217773e+03 3.343040863513e-03
1.884011840820e+03 3.493908332837e-03
1.883100463867e+03 3.303785957855e-03
1.882189208984e+03 2.610509758010e-03
1.881277832031e+03 -2.307875266021e-03
1.880366455078e+03 -1.573545292253e-03
1.879455078125e+03 2.660170919885e-03
1.878543701172e+03 -4.230229578672e-03
1.877632324219e+03 -4.303743090006e-03
1.876720947266e+03 -4.317874159861e-03
1.875809570312e+03 -2.383397930817e-03
1.874898315430e+03 -4.302463735850e-03
1.873986938477e+03 -4.256078445408e-03
1.873075561523e+03 1.575486734835e-03
1.872164184570e+03 -1.391576952273e-03
1.871252807617e+03 -5.728359971332e-03
1.870341430664e+03 -1.189688262226e-03
1.869430053711e+03 1.431464501661e-03
1.868518676758e+03 -2.926872154018e-03
1.867607421875e+03 -2.551288249079e-03
1.866696044922e+03 -5.200677641886e-03
1.865784667969e+03 -2.152632338725e-03
1.864873291016e+03 -2.370823138311e-04
1.863961914062e+03 -1.402509755947e-03
1.863050537109e+03 -1.809251990422e-03
1.862139160156e+03 5.078954461055e-03
1.861227783203e+03 -3.151408360081e-05
1.860316528320e+03 -1.383738583485e-03
1.859405151367e+03 -6.213313040211e-04
1.858493774414e+03 -1.341171775386e-04
1.857582397461e+03 1.702316603454e-03
1.856671020508e+03 1.250020205743e-03
1.855759643555e+03 2.714163193872e-03
1.854848266602e+03 4.493753646669e-03
1.853936889648e+03 4.594907978867e-03
1.853025634766e+03 -9.689642651167e-04
1.852114257812e+03 3.387970131623e-03
1.851202880859e+03 -8.443811340848e-04
1.850291503906e+03 1.745050870811e-03
1.849380126953e+03 -4.019674968909e-03
1.848468750000e+03 1.046484162445e-03
1.847557373047e+03 9.357874539915e-05
1.846645996094e+03 -2.904434342055e-03
1.845734741211e+03 -1.800637092285e-03
1.844823364258e+03 3.273909724289e-03
1.843911987305e+03 2.098477463259e-03
1.843000610352e+03 -1.405169792160e-03
1.842089233398e+03 -5.224451790049e-03
1.841177856445e+03 -2.442883369128e-03
1.840266479492e+03 1.215399084599e-03
1.839355102539e+03 -1.106946759349e-03
1.838443847656e+03 2.552300574414e-03
1.837532470703e+03 1.950177404526e-03
1.836621093750e+03 -2.247737037609e-03
1.835709716797e+03 -3.155702502412e-03
1.834798339844e+03 4.865650467713e-04
1.833886962891e+03 3.240261231785e-03
1.832975585938e+03 2.557731034648e-03
1.832064208984e+03 6.377483193997e-03
1.831152954102e+03 -1.821463075368e-03
1.830241577148e+03 1.639526325852e-03
1.829330200195e+03 -1.782861675067e-03
1.828418823242e+03 3.522930789431e-03
1.827507446289e+03 3.281222737713e-03
1.826596069336e+03 2.096989254417e-03
1.825684692383e+03 1.592625812836e-03
1.824773315430e+03 7.241671906156e-03
1.823862060547e+03 4.729754672588e-03
1.822950683594e+03 3.429727240387e-03
1.822039306641e+03 -1.769295061225e-03
1.821127929688e+03 4.118407862297e-04
1.820216552734e+03 -3.935614295971e-03
1.819305175781e+03 -1.400949663900e-03
1.818393798828e+03 -1.695330223499e-03
1.817482421875e+03 -2.804451598811e-03
1.816571166992e+03 1.141429120873e-03
1.815659790039e+03 3.679747458237e-04
1.814748413086e+03 1.759484493857e-03
1.813837036133e+03 2.501153111047e-03
1.812925659180e+03 -6.074675014064e-04
1.812014282227e+03 -5.609568862326e-03
1.811102905273e+03 -3.257705843209e-03
1.810191528320e+03 -1.086968950401e-03
1.809280151367e+03 2.742259155824e-03
1.808368896484e+03 1.006177234757e-03
1.807457519531e+03 -8.085237529452e-04
1.806546142578e+03 2.135881763818e-03
1.805634765625e+03 3.485172198847e-03
1.804723388672e+03 1.575557306738e-03
1.803812011719e+03 1.077244213726e-03
1.802900634766e+03 -1.569286182554e-03
1.801989257812e+03 -2.690237649905e-03
1.801078002930e+03 6.542715144976e-04
1.800166625977e+03 3.555094410954e-03
1.799255249023e+03 4.780331183036e-04
1.798343872070e+03 1.072179964447e-03
1.797432495117e+03 1.436775156553e-03
1.796521118164e+03 5.487766526524e-03
1.795609741211e+03 5.325645699732e-03
1.794698364258e+03 -1.663081963376e-03
1.793787109375e+03 1.276259959758e-03
1.792875732422e+03 -3.573269060102e-03
1.791964355469e+03 -2.512057423699e-03
1.791052978516e+03 -9.740814433230e-04
1.790141601562e+03 1.352842633608e-03
1.789230224609e+03 2.610468988432e-03
1.788318847656e+03 1.459873030385e-03
1.787407470703e+03 -2.996633791205e-04
1.786496215820e+03 -1.121793204184e-03
1.785584838867e+03 -9.524627780315e-04
1.784673461914e+03 -3.596144847016e-03
1.783762084961e+03 -1.303086819553e-03
1.782850708008e+03 1.191823419913e-03
1.781939331055e+03 1.847074715608e-03
1.781027954102e+03 6.098490051015e-04
1.780116577148e+03 1.328563991708e-03
1.779205322266e+03 4.571913459494e-03
1.778293945312e+03 2.350304476792e-03
1.777382568359e+03 -5.386387961643e-04
1.776471191406e+03 -5.553455020512e-04
1.775559814453e+03 1.949012968130e-03
1.774648437500e+03 4.516983246772e-03
1.773737060547e+03 3.663233931013e-03
1.772825683594e+03 2.012732124561e-03
1.771914428711e+03 2.060022213553e-03
1.771003051758e+03 5.359838263459e-03
1.770091674805e+03 4.789549935858e-04
1.769180297852e+03 4.589895824049e-04
1.768268920898e+03 -9.273896657833e-04
1.767357543945e+03 1.130057150156e-03
1.766446166992e+03 1.796805109491e-03
1.765534790039e+03 4.158722121357e-03
1.764623535156e+03 5.326949372584e-03
1.763712158203e+03 1.284058512642e-03
1.762800781250e+03 -1.831376788579e-04
1.761889404297e+03 1.518944216395e-03
1.760978027344e+03 2.500015854371e-03
1.760066650391e+03 3.725715098913e-03
1.759155273438e+03 3.622103505514e-04
1.758243896484e+03 3.806468906002e-03
1.757332641602e+03 3.902917570480e-03
1.756421264648e+03 8.496677086996e-04
1.755509887695e+03 3.421969337874e-03
1.754598510742e+03 4.577827671048e-03
1.753687133789e+03 -3.684512313372e-03
1.752775756836e+03 -3.206098231963e-03
1.751864379883e+03 -3.019516849886e-03
1.750953002930e+03 -7.380971067054e-04
1.750041748047e+03 -5.288489712135e-04
1.749130371094e+03 1.110671692197e-03
1.748218994141e+03 3.507757830336e-03
1.747307617188e+03 5.058669330545e-03
1.746396240234e+03 9.829527010495e-04
1.745484863281e+03 3.475362227525e-04
1.744573486328e+03 5.587662127773e-04
1.743662109375e+03 3.680765207595e-04
1.742750854492e+03 -2.158100707515e-03
1.741839477539e+03 1.580843523725e-03
1.740928100586e+03 1.407284207429e-03
1.740016723633e+03 3.330882707494e-03
1.739105346680e+03 -5.075059774172e-04
1.738193969727e+03 1.809048023318e-03
1.737282592773e+03 1.602014498508e-03
1.736371215820e+03 3.310191788543e-03
1.735459960938e+03 -2.720423827638e-03
1.734548583984e+03 2.126201969046e-03
1.733637207031e+03 2.190289601409e-03
1.732725830078e+03 -6.341998282300e-04
1.731814453125e+03 4.038699341913e-03
1.730903076172e+03 4.232034407401e-03
1.729991699219e+03 -1.559791042981e-03
1.729080322266e+03 -2.989371918568e-03
1.728169067383e+03 -1.286685766299e-03
1.727257690430e+03 4.501621460153e-03
1.726346313477e+03 9.403440802894e-04
1.725434936523e+03 -2.618911152300e-03
1.724523559570e+03 6.963956686819e-04
1.723612182617e+03 5.679637701867e-03
1.722700805664e+03 1.467964599716e-03
1.721789428711e+03 -1.814224567754e-03
1.720878173828e+03 -3.771819770674e-03
1.719966796875e+03 1.391411608981e-03
1.719055419922e+03 -1.090414099033e-03
1.718144042969e+03 2.658316500088e-03
1.717232666016e+03 3.274583733644e-03
1.716321289062e+03 -1.240732013506e-03
1.715409912109e+03 -3.310292162769e-03
1.714498535156e+03 1.574541881961e-03
1.713587280273e+03 3.126642852518e-03
1.712675903320e+03 1.824401822914e-03
1.711764526367e+03 1.653457481718e-03
1.710853149414e+03 2.347787014895e-03
1.709941772461e+03 2.912253279728e-03
1.709030395508e+03 2.937539001754e-03
1.708119018555e+03 -4.095918134685e-04
1.707207641602e+03 8.740896997774e-04
1.706296386719e+03 1.026579071167e-03
1.705385009766e+03 2.174481972026e-03
1.704473632812e+03 4.806477059732e-04
1.703562255859e+03 9.356673208243e-04
1.702650878906e+03 7.223274454835e-04
1.701739501953e+03 6.306116880488e-04
1.700828125000e+03 2.727797876222e-03
1.699916748047e+03 3.593461982223e-04
1.699005493164e+03 3.054327156181e-03
1.698094116211e+03 4.454654428351e-03
1.697182739258e+03 2.802625789246e-03
1.696271362305e+03 2.506251215766e-03
1.695359985352e+03 2.379810207868e-03
1.694448608398e+03 1.465369174940e-03
1.693537231445e+03 1.449630210112e-03
1.692625854492e+03 3.809655787696e-04
1.691714599609e+03 -1.969674203967e-03
1.690803222656e+03 -2.115319829324e-03
1.689891845703e+03 4.541187025235e-03
1.688980468750e+03 9.191692788877e-03
1.688069091797e+03 2.001467799838e-03
1.687157714844e+03 5.327275052379e-03
1.686246337891e+03 5.193186052938e-03
1.685334960938e+03 3.928797431633e-03
1.684423706055e+03 5.255900155800e-03
1.683512329102e+03 2.509729981419e-03
1.682600952148e+03 2.366548173776e-03
1.681689575195e+03 7.345223298861e-03
1.680778198242e+03 4.769532430215e-03
1.679866821289e+03 1.211275873496e-03
1.678955444336e+03 1.954782101972e-03
1.678044067383e+03 2.515364051129e-03
1.677132812500e+03 4.137407976210e-03
1.676221435547e+03 -1.060203006557e-03
1.675310058594e+03 7.038519716789e-04
1.674398681641e+03 4.538480974233e-03
1.673487304688e+03 4.927320237545e-03
1.672575927734e+03 1.164818628324e-02
1.671664550781e+03 8.410328310846e-03
1.670753173828e+03 9.293064558829e-03
1.669841918945e+03 8.429682178343e-03
1.668930541992e+03 8.812961043288e-03
1.668019165039e+03 9.791720855402e-03
1.667107788086e+03 1.068139699171e-02
1.666196411133e+03 1.013577223283e-02
1.665285034180e+03 9.245849094855e-03
1.664373657227e+03 7.591704252341e-03
1.663462280273e+03 1.165588815738e-02
1.662551025391e+03 8.079910662095e-03
1.661639648438e+03 5.998692797435e-03
1.660728271484e+03 1.237038289652e-02
1.659816894531e+03 5.087048772200e-03
1.658905517578e+03 1.240737211031e-02
1.657994140625e+03 1.426818915427e-02
1.657082763672e+03 1.423516722582e-02
1.656171386719e+03 1.156058271005e-02
1.655260009766e+03 1.106048445784e-02
1.654348754883e+03 1.211966476785e-02
1.653437377930e+03 1.215430985006e-02
1.652526000977e+03 1.724849592119e-02
1.651614624023e+03 1.516064715869e-02
1.650703247070e+03 7.953833957804e-03
1.649791870117e+03 1.071023705809e-02
1.648880493164e+03 1.327183786488e-02
1.647969116211e+03 1.534247566617e-02
1.647057861328e+03 9.738370404259e-03
1.646146484375e+03 9.373324839435e-03
1.645235107422e+03 1.146264321412e-02
1.644323730469e+03 9.834699144186e-03
1.643412353516e+03 1.456874344405e-02
1.642500976562e+03 1.493827700042e-02
1.641589599609e+03 1.459534237568e-02
1.640678222656e+03 1.475550721635e-02
1.639766967773e+03 1.435109588123e-02
1.638855590820e+03 1.885151952638e-02
1.637944213867e+03 1.451187298084e-02
1.637032836914e+03 1.297639050129e-02
1.636121459961e+03 1.533213306771e-02
1.635210083008e+03 2.050086500267e-02
1.634298706055e+03 1.998845195343e-02
1.633387329102e+03 1.940076920152e-02
1.632476074219e+03 1.911018462351e-02
1.631564697266e+03 2.400108260667e-02
1.630653320312e+03 2.093973640718e-02
1.629741943359e+03 2.650667125717e-02
1.628830566406e+03 2.950030466962e-02
1.627919189453e+03 3.341739813265e-02
1.627007812500e+03 2.881311744216e-02
1.626096435547e+03 3.069445755837e-02
1.625185180664e+03 2.486349796135e-02
1.624273803711e+03 2.753002297509e-02
1.623362426758e+03 3.028315497231e-02
1.622451049805e+03 2.670017369251e-02
1.621539672852e+03 2.356554524772e-02
1.620628295898e+03 2.919416184807e-02
1.619716918945e+03 2.928146310649e-02
1.618805541992e+03 3.277391207914e-02
1.617894287109e+03 2.714006552859e-02
1.616982910156e+03 3.028266669103e-02
1.616071533203e+03 3.359174125006e-02
1.615160156250e+03 3.420539255484e-02
1.614248779297e+03 3.366438453354e-02
1.613337402344e+03 3.991934012239e-02
1.612426025391e+03 4.265925037826e-02
1.611514648438e+03 4.397180766106e-02
1.610603393555e+03 4.052084924519e-02
1.609692016602e+03 4.170452316006e-02
1.608780639648e+03 3.907909960396e-02
1.607869262695e+03 3.892515748849e-02
1.606957885742e+03 4.012151908707e-02
1.606046508789e+03 3.826668348871e-02
1.605135131836e+03 3.750723826221e-02
1.604223754883e+03 4.425905056411e-02
1.603312500000e+03 4.024953270399e-02
1.602401123047e+03 4.045289422488e-02
1.601489746094e+03 4.378593652796e-02
1.600578369141e+03 4.609851293175e-02
1.599666992188e+03 4.469004271104e-02
1.598755615234e+03 4.316509070380e-02
1.597844238281e+03 4.968433234645e-02
1.596932861328e+03 4.429177303880e-02
1.596021606445e+03 4.999317406644e-02
1.595110229492e+03 5.390075176669e-02
1.594198852539e+03 4.833865967511e-02
1.593287475586e+03 4.413090724747e-02
1.592376098633e+03 4.713129267441e-02
1.591464721680e+03 4.540979219591e-02
1.590553344727e+03 3.787344540241e-02
1.589641967773e+03 4.354297081818e-02
1.588730712891e+03 4.160035140218e-02
1.587819335938e+03 3.878355210457e-02
1.586907958984e+03 3.537175155800e-02
1.585996582031e+03 4.194295700927e-02
1.585085205078e+03 3.625792484838e-02
1.584173828125e+03 3.728296075522e-02
1.583262451172e+03 4.182072647368e-02
1.582351074219e+03 4.452242109053e-02
1.581439819336e+03 3.578394106122e-02
1.580528442383e+03 3.876305573519e-02
1.579617065430e+03 4.008970832506e-02
1.578705688477e+03 4.408418101845e-02
1.577794311523e+03 4.091106227642e-02
1.576882934570e+03 4.246476565833e-02
1.575971557617e+03 4.421950359567e-02
1.575060180664e+03 4.219374284882e-02
1.574148925781e+03 4.414764232517e-02
1.573237548828e+03 4.205851945373e-02
1.572326171875e+03 4.203302583069e-02
1.571414794922e+03 4.240706073005e-02
1.570503417969e+03 3.825449171567e-02
1.569592041016e+03 3.971077153948e-02
1.568680664062e+03 4.569774081799e-02
1.567769287109e+03 4.681744988606e-02
1.566858032227e+03 4.171494491348e-02
1.565946655273e+03 4.711372217797e-02
1.565035278320e+03 4.243420611708e-02
1.564123901367e+03 4.285765279247e-02
1.563212524414e+03 4.174456222446e-02
1.562301147461e+03 4.357818047561e-02
1.561389770508e+03 4.540127779121e-02
1.560478393555e+03 4.691553720151e-02
1.559567138672e+03 4.540024782290e-02
1.558655761719e+03 5.007152032261e-02
1.557744384766e+03 4.741928325815e-02
1.556833007812e+03 4.734836421792e-02
1.555921630859e+03 4.853395311090e-02
1.555010253906e+03 5.020822382031e-02
1.554098876953e+03 5.393886440888e-02
1.553187500000e+03 5.717957577497e-02
1.552276245117e+03 5.293797935158e-02
1.551364868164e+03 5.949640938110e-02
1.550453491211e+03 5.317512383306e-02
1.549542114258e+03 5.391011303423e-02
1.548630737305e+03 5.147864014042e-02
1.547719360352e+03 5.085821393297e-02
1.546807983398e+03 5.205218753094e-02
1.545896606445e+03 5.096526960212e-02
1.544985351562e+03 4.560491778501e-02
1.544073974609e+03 4.728537211898e-02
1.543162597656e+03 5.007888268868e-02
1.542251220703e+03 4.421865291814e-02
1.541339843750e+03 4.051033975373e-02
1.540428466797e+03 5.239933644269e-02
1.539517089844e+03 4.472448179959e-02
1.538605712891e+03 4.884850924767e-02
1.537694458008e+03 4.948810049509e-02
1.536783081055e+03 4.352144066579e-02
1.535871704102e+03 4.367971627756e-02
1.534960327148e+03 4.534575486987e-02
1.534048950195e+03 5.032362986217e-02
1.533137573242e+03 4.982225273264e-02
1.532226196289e+03 5.785269439825e-02
1.531314819336e+03 5.467265198036e-02
1.530403564453e+03 5.186622865980e-02
1.529492187500e+03 5.105897383020e-02
1.528580810547e+03 5.971951196128e-02
1.527669433594e+03 6.172815616069e-02
1.526758056641e+03 6.251811515207e-02
1.525846679688e+03 5.928022284740e-02
1.524935302734e+03 5.608384589504e-02
1.524023925781e+03 5.680015452281e-02
1.523112670898e+03 5.399856060923e-02
1.522201293945e+03 5.136597686602e-02
1.521289916992e+03 5.180354936605e-02
1.520378540039e+03 5.452815887047e-02
1.519467163086e+03 5.810416688333e-02
1.518555786133e+03 5.348773447412e-02
1.517644409180e+03 5.317411675293e-02
1.516733032227e+03 4.561715914912e-02
1.515821777344e+03 4.696559366141e-02
1.514910400391e+03 4.166443450459e-02
1.513999023438e+03 4.388871210657e-02
1.513087646484e+03 4.851357499714e-02
1.512176269531e+03 4.459324476333e-02
1.511264892578e+03 4.532857728727e-02
1.510353515625e+03 4.613773183620e-02
1.509442138672e+03 4.335330787582e-02
1.508530883789e+03 4.758311306940e-02
1.507619506836e+03 3.915217776295e-02
1.506708129883e+03 4.274209034801e-02
1.505796752930e+03 4.545901705177e-02
1.504885375977e+03 3.955173680292e-02
1.503973999023e+03 3.990901373640e-02
1.503062622070e+03 4.139003187315e-02
1.502151245117e+03 4.223438463542e-02
1.501239990234e+03 4.134207349685e-02
1.500328613281e+03 3.491235517387e-02
1.499417236328e+03 3.933534046086e-02
1.498505859375e+03 3.912560458053e-02
1.497594482422e+03 4.165851027945e-02
1.496683105469e+03 3.766983974088e-02
1.495771728516e+03 3.490638517237e-02
1.494860351562e+03 3.778495586573e-02
1.493948974609e+03 3.582687929568e-02
1.493037719727e+03 3.899527162757e-02
1.492126342773e+03 4.021188926958e-02
1.491214965820e+03 3.962079808550e-02
1.490303588867e+03 3.629041462653e-02
1.489392211914e+03 3.625023823302e-02
1.488480834961e+03 3.757781779437e-02
1.487569458008e+03 4.607537297704e-02
1.486658081055e+03 3.984554861497e-02
1.485746826172e+03 3.601735858329e-02
1.484835449219e+03 3.924385638669e-02
1.483924072266e+03 3.673402579262e-02
1.483012695312e+03 3.445242473211e-02
1.482101318359e+03 3.312942662239e-02
1.481189941406e+03 3.418943949012e-02
1.480278564453e+03 3.680186637202e-02
1.479367187500e+03 3.593385485618e-02
1.478455932617e+03 3.323867955727e-02
1.477544555664e+03 3.104595331787e-02
1.476633178711e+03 2.369925230058e-02
1.475721801758e+03 1.850270740654e-02
1.474810424805e+03 2.499485134588e-02
1.473899047852e+03 2.706844458402e-02
1.472987670898e+03 2.274452126768e-02
1.472076293945e+03 2.100595192546e-02
1.471165039062e+03 2.484476207484e-02
1.470253662109e+03 2.047733213412e-02
1.469342285156e+03 2.109158043905e-02
1.468430908203e+03 2.528442121437e-02
1.467519531250e+03 2.399325675485e-02
1.466608154297e+03 2.403876609539e-02
1.465696777344e+03 2.066013243577e-02
1.464785400391e+03 1.896118254123e-02
1.463874145508e+03 2.282602037129e-02
1.462962768555e+03 2.158839519043e-02
1.462051391602e+03 2.067180540996e-02
1.461140014648e+03 2.268639672269e-02
1.460228637695e+03 2.531794668288e-02
1.459317260742e+03 2.191138753060e-02
1.458405883789e+03 2.431679841146e-02
1.457494506836e+03 1.827447978034e-02
1.456583251953e+03 1.981650446601e-02
1.455671875000e+03 1.740971647938e-02
1.454760498047e+03 1.682807811557e-02
1.453849121094e+03 1.863262837218e-02
1.452937744141e+03 1.359718387337e-02
1.452026367188e+03 1.774742592230e-02
1.451114990234e+03 2.159836108751e-02
1.450203613281e+03 2.342687527348e-02
1.449292358398e+03 1.607380561881e-02
1.448380981445e+03 1.855671017095e-02
1.447469604492e+03 1.740853201583e-02
1.446558227539e+03 1.497374319626e-02
1.445646850586e+03 1.540558220603e-02
1.444735473633e+03 1.380648678553e-02
1.443824096680e+03 9.238017520997e-03
1.442912719727e+03 1.034211398610e-02
1.442001464844e+03 1.029396010655e-02
1.441090087891e+03 1.346800868108e-02
1.440178710938e+03 1.300941433709e-02
1.439267333984e+03 9.772488104549e-03
1.438355957031e+03 1.216316471651e-02
1.437444580078e+03 1.380752724426e-02
1.436533203125e+03 1.736598097316e-02
1.435621826172e+03 1.081621316786e-02
1.434710571289e+03 8.427649898278e-03
1.433799194336e+03 1.022137308986e-02
1.432887817383e+03 1.298423161190e-02
1.431976440430e+03 7.520426153710e-03
1.431065063477e+03 5.713633331838e-03
1.430153686523e+03 9.521238779261e-03
1.429242309570e+03 1.313653150011e-02
1.428330932617e+03 1.868435757691e-02
1.427419677734e+03 1.021154070719e-02
1.426508300781e+03 7.824861898150e-03
1.425596923828e+03 1.483354066732e-02
1.424685546875e+03 1.418708964022e-02
1.423774169922e+03 1.278010142947e-02
1.422862792969e+03 1.674064334275e-02
1.421951416016e+03 1.622529106912e-02
1.421040039062e+03 1.982489489305e-02
1.420128784180e+03 1.810681619816e-02
1.419217407227e+03 1.502314638922e-02
1.418306030273e+03 1.202114925261e-02
1.417394653320e+03 1.323057523627e-02
1.416483276367e+03 1.497292494366e-02
1.415571899414e+03 1.619884758642e-02
1.414660522461e+03 1.279394210548e-02
1.413749145508e+03 1.618673782938e-02
1.412837890625e+03 1.536379982490e-02
1.411926513672e+03 1.956281182701e-02
1.411015136719e+03 1.777458466078e-02
1.410103759766e+03 1.916034598758e-02
1.409192382812e+03 2.014581775985e-02
1.408281005859e+03 2.300823320953e-02
1.407369628906e+03 2.122310167027e-02
1.406458251953e+03 2.720228324394e-02
1.405546997070e+03 2.309452738782e-02
1.404635620117e+03 2.103897194656e-02
1.403724243164e+03 2.294524873999e-02
1.402812866211e+03 2.608658914493e-02
1.401901489258e+03 2.241585456506e-02
1.400990112305e+03 1.706634793280e-02
1.400078735352e+03 2.599819306834e-02
1.399167358398e+03 2.499358486633e-02
1.398256103516e+03 2.328199306445e-02
1.397344726562e+03 2.608994226399e-02
1.396433349609e+03 2.338156620456e-02
1.395521972656e+03 2.958495280597e-02
1.394610595703e+03 2.567598655585e-02
1.393699218750e+03 2.927404924201e-02
1.392787841797e+03 2.919693704047e-02
1.391876464844e+03 2.997331952363e-02
1.390965209961e+03 3.290905918028e-02
1.390053833008e+03 3.555623795592e-02
1.389142456055e+03 3.141805225827e-02
1.388231079102e+03 3.305297245616e-02
1.387319702148e+03 3.100568155692e-02
1.386408325195e+03 3.557398392844e-02
1.385496948242e+03 2.996837949044e-02
1.384585571289e+03 3.952709767211e-02
1.383674316406e+03 3.737388406887e-02
1.382762939453e+03 3.334079900792e-02
1.381851562500e+03 3.617369251406e-02
1.380940185547e+03 3.709163079008e-02
1.380028808594e+03 3.808231153171e-02
1.379117431641e+03 3.723113809041e-02
1.378206054688e+03 3.953660389815e-02
1.377294677734e+03 4.154251295949e-02
1.376383422852e+03 4.298197759695e-02
1.375472045898e+03 4.645202094415e-02
1.374560668945e+03 4.603844289105e-02
1.373649291992e+03 4.925489659607e-02
1.372737915039e+03 4.810397948819e-02
1.371826538086e+03 4.111865048208e-02
1.370915161133e+03 4.118565182804e-02
1.370003784180e+03 3.983839605726e-02
1.369092529297e+03 4.311718954796e-02
1.368181152344e+03 4.310222830457e-02
1.367269775391e+03 4.422339077237e-02
1.366358398438e+03 4.236141787510e-02
1.365447021484e+03 4.241851245178e-02
1.364535644531e+03 3.706142983039e-02
1.363624267578e+03 3.441995402744e-02
1.362712890625e+03 3.735026727697e-02
1.361801635742e+03 3.797800244473e-02
1.360890258789e+03 2.946548792602e-02
1.359978881836e+03 3.337495199416e-02
1.359067504883e+03 3.168762166805e-02
1.358156127930e+03 3.060692741811e-02
1.357244750977e+03 2.939980265069e-02
1.356333374023e+03 3.175408132696e-02
1.355421997070e+03 2.934473558569e-02
1.354510742188e+03 3.140411716850e-02
1.353599365234e+03 2.315125956825e-02
1.352687988281e+03 2.142907435157e-02
1.351776611328e+03 2.670748074547e-02
1.350865234375e+03 2.403382987690e-02
1.349953857422e+03 1.912048239926e-02
1.349042480469e+03 1.492503904661e-02
1.348131103516e+03 1.554984071203e-02
1.347219848633e+03 1.745732581087e-02
1.346308471680e+03 1.515818858619e-02
1.345397094727e+03 2.008593273198e-02
1.344485717773e+03 1.599058990136e-02
1.343574340820e+03 1.598805789593e-02
1.342662963867e+03 8.195678146537e-03
1.341751586914e+03 1.352782599807e-02
1.340840209961e+03 1.607488327084e-02
1.339928833008e+03 2.027023220973e-02
1.339017578125e+03 1.769869125507e-02
1.338106201172e+03 1.700582394311e-02
1.337194824219e+03 1.369138973417e-02
1.336283447266e+03 1.501896452714e-02
1.335372070312e+03 1.651836092252e-02
1.334460693359e+03 1.326096788450e-02
1.333549316406e+03 1.120744281596e-02
1.332637939453e+03 1.715088925762e-02
1.331726684570e+03 1.382736367099e-02
1.330815307617e+03 1.648109132846e-02
1.329903930664e+03 9.655165177224e-03
1.328992553711e+03 1.448072120782e-02
1.328081176758e+03 1.586662653945e-02
1.327169799805e+03 1.297775711665e-02
1.326258422852e+03 6.513829540652e-03
1.325347045898e+03 6.667951423736e-03
1.324435791016e+03 1.200244293001e-02
1.323524414062e+03 1.122283130546e-02
1.322613037109e+03 9.424824208641e-03
1.321701660156e+03 8.181116492708e-03
1.320790283203e+03 7.590580347105e-03
1.319878906250e+03 1.289147056776e-02
1.318967529297e+03 1.155909974642e-02
1.318056152344e+03 1.124293380733e-02
1.317144897461e+03 9.708796008628e-03
1.316233520508e+03 7.632863884117e-03
1.315322143555e+03 1.025982142543e-02
1.314410766602e+03 9.967182632840e-03
1.313499389648e+03 3.639163666961e-03
1.312588012695e+03 8.222364816201e-03
1.311676635742e+03 9.418855160812e-03
1.310765258789e+03 1.112229209322e-02
1.309854003906e+03 4.409587115877e-03
1.308942626953e+03 1.662534196665e-03
1.308031250000e+03 5.691077025835e-03
1.307119873047e+03 5.199383028940e-03
1.306208496094e+03 4.894138568641e-03
1.305297119141e+03 4.254025661345e-03
1.304385742188e+03 -2.679808267085e-04
1.303474365234e+03 -7.197751148683e-04
1.302563110352e+03 2.654486782270e-03
1.301651733398e+03 7.123628001013e-03
1.300740356445e+03 6.636111097822e-03
1.299828979492e+03 4.714318022533e-03
1.298917602539e+03 3.415411157707e-03
1.298006225586e+03 7.716855177246e-04
1.297094848633e+03 -7.000276220044e-06
1.296183471680e+03 2.606263761334e-03
1.295272216797e+03 2.809714450776e-03
1.294360839844e+03 -4.608929972216e-04
1.293449462891e+03 4.206727227702e-03
1.292538085938e+03 8.801498831135e-03
1.291626708984e+03 7.892512219509e-03
1.290715332031e+03 3.767321050291e-03
1.289803955078e+03 7.186958535141e-04
1.288892578125e+03 2.262073624288e-03
1.287981323242e+03 1.586707190538e-03
1.287069946289e+03 5.407827157340e-03
1.286158569336e+03 7.410897964570e-04
1.285247192383e+03 -2.715958724277e-03
1.284335815430e+03 -7.533859610769e-03
1.283424438477e+03 -6.991429660994e-04
1.282513061523e+03 3.758752286151e-03
1.281601684570e+03 1.292267145501e-03
1.280690429688e+03 1.662740905583e-03
1.279779052734e+03 4.091297820822e-03
1.278867675781e+03 3.276049769557e-03
1.277956298828e+03 2.415967579199e-03
1.277044921875e+03 -1.076813510542e-03
1.276133544922e+03 -1.082525423922e-03
1.275222167969e+03 3.082148936754e-03
1.274310791016e+03 3.511431622396e-03
1.273399536133e+03 1.969816897493e-03
1.272488159180e+03 5.393219727142e-03
1.271576782227e+03 5.887554448345e-03
1.270665405273e+03 -5.598410037829e-04
1.269754028320e+03 -4.166400153643e-03
1.268842651367e+03 -9.085805251613e-04
1.267931274414e+03 5.986840532468e-03
1.267019897461e+03 5.874248306813e-03
1.266108642578e+03 2.217760429816e-03
1.265197265625e+03 1.863405435377e-03
1.264285888672e+03 -3.327399054260e-04
1.263374511719e+03 3.952250429955e-03
1.262463134766e+03 2.609832649214e-03
1.261551757812e+03 5.266389143267e-03
1.260640380859e+03 2.429904337903e-03
1.259729003906e+03 -6.982772205138e-03
1.258817749023e+03 -1.031619955425e-04
1.257906372070e+03 9.489886615411e-04
1.256994995117e+03 3.079407122964e-03
1.256083618164e+03 3.191060933046e-03
1.255172241211e+03 -3.439548178964e-04
1.254260864258e+03 -1.251084148702e-03
1.253349487305e+03 -1.147474701070e-03
1.252438110352e+03 -6.037088919330e-04
1.251526855469e+03 5.035445452489e-03
1.250615478516e+03 2.917874892067e-04
1.249704101562e+03 -1.960740331558e-04
1.248792724609e+03 2.749772798492e-04
1.247881347656e+03 8.388577859679e-03
1.246969970703e+03 3.408487958678e-03
1.246058593750e+03 1.667871316021e-03
1.245147216797e+03 1.248032867582e-03
1.244235961914e+03 7.795312774890e-03
1.243324584961e+03 6.797727430876e-03
1.242413208008e+03 2.158622367391e-03
1.241501831055e+03 1.101719044324e-04
1.240590454102e+03 3.268022454036e-03
1.239679077148e+03 2.551871182532e-03
1.238767700195e+03 -2.228748606207e-04
1.237856323242e+03 3.483633683683e-03
1.236945068359e+03 3.115383057748e-03
1.236033691406e+03 4.308519091210e-03
1.235122314453e+03 7.184365732970e-04
1.234210937500e+03 -1.826751616936e-04
1.233299560547e+03 -1.220687685772e-03
1.232388183594e+03 -1.864957421192e-03
1.231476806641e+03 -7.409643286738e-04
1.230565429688e+03 2.770110261883e-03
1.229654174805e+03 3.789391697626e-04
1.228742797852e+03 -5.529963279169e-03
1.227831420898e+03 -4.662949306714e-03
1.226920043945e+03 -5.944690986703e-03
1.226008666992e+03 -1.614979343828e-03
1.225097290039e+03 3.402175826496e-03
1.224185913086e+03 -2.083004573577e-03
1.223274536133e+03 3.575330665653e-03
1.222363281250e+03 5.752775942340e-03
1.221451904297e+03 2.463615296077e-03
1.220540527344e+03 -1.210040149942e-03
1.219629150391e+03 -3.999590110014e-03
1.218717773438e+03 -7.671745664681e-03
1.217806396484e+03 -7.812760843384e-04
1.216895019531e+03 1.480331938245e-04
1.215983642578e+03 -3.646099025338e-03
1.215072387695e+03 -8.124381451256e-03
1.214161010742e+03 -2.241861449866e-03
1.213249633789e+03 -1.068548312873e-04
1.212338256836e+03 -1.419768639289e-03
1.211426879883e+03 -2.866353886373e-03
1.210515502930e+03 -2.236579762833e-03
1.209604125977e+03 -1.057735135727e-03
1.208692749023e+03 -2.982247255831e-03
1.207781494141e+03 -2.755049836363e-03
1.206870117188e+03 -3.413349790574e-03
1.205958740234e+03 1.147481972837e-03
1.205047363281e+03 4.688897355584e-03
1.204135986328e+03 -1.766437376000e-03
1.203224609375e+03 -4.177653511111e-03
1.202313232422e+03 -1.880869477917e-03
1.201401855469e+03 -5.674708159091e-03
1.200490600586e+03 -4.875885241358e-03
1.199579223633e+03 -4.487438415046e-03
1.198667846680e+03 1.595063583318e-04
1.197756469727e+03 -3.711187717757e-04
1.196845092773e+03 -5.919684214428e-03
1.195933715820e+03 -4.067038729246e-03
1.195022338867e+03 -8.620019964521e-04
1.194110961914e+03 -2.090502361409e-03
1.193199707031e+03 -2.299795259991e-03
1.192288330078e+03 -3.218943033522e-03
1.191376953125e+03 -1.384879654859e-03
1.190465576172e+03 5.023039817973e-04
1.189554199219e+03 2.163842304010e-03
1.188642822266e+03 -8.968893715566e-04
1.187731445312e+03 -6.992998932156e-03
1.186820068359e+03 -1.186006220883e-02
1.185908691406e+03 -1.288194049986e-02
1.184997436523e+03 -4.180542667590e-03
1.184086059570e+03 -1.037605454137e-03
1.183174682617e+03 2.076078275107e-03
1.182263305664e+03 3.199895057077e-03
1.181351928711e+03 1.014344978828e-03
1.180440551758e+03 8.647978239736e-03
1.179529174805e+03 -1.244918167117e-03
1.178617797852e+03 -9.846619239242e-04
1.177706542969e+03 4.302960540588e-04
1.176795166016e+03 6.275451481387e-04
1.175883789062e+03 -1.007130003128e-02
1.174972412109e+03 -6.491939853028e-03
1.174061035156e+03 -1.331830183345e-02
1.173149658203e+03 -1.298992027946e-02
1.172238281250e+03 -9.268686734795e-03
1.171326904297e+03 -1.235370217826e-02
1.170415649414e+03 -9.108748868616e-03
1.169504272461e+03 -4.585802772898e-03
1.168592895508e+03 -3.376964789094e-04
1.167681518555e+03 7.569692494398e-03
1.166770141602e+03 1.098545222008e-02
1.165858764648e+03 2.047010709716e-02
1.164947387695e+03 2.070926192419e-02
1.164036010742e+03 2.581930283158e-02
1.163124755859e+03 2.084817794641e-02
1.162213378906e+03 1.364363830520e-02
1.161302001953e+03 -4.277550423662e-03
1.160390625000e+03 -6.427455253713e-03
1.159479248047e+03 2.178856088893e-04
1.158567871094e+03 -4.893613690114e-04
1.157656494141e+03 2.468547938295e-03
1.156745117188e+03 1.533441139576e-02
1.155833862305e+03 1.871028226076e-02
1.154922485352e+03 1.035405971115e-02
1.154011108398e+03 7.882021801530e-03
1.153099731445e+03 4.248716556173e-03
1.152188354492e+03 4.331675735224e-03
1.151276977539e+03 8.539579797088e-03
1.150365600586e+03 -4.959568259248e-03
1.149454223633e+03 -1.039253284225e-02
1.148542968750e+03 -1.290253223668e-02
1.147631591797e+03 -7.585453393737e-03
1.146720214844e+03 -8.239791307812e-03
1.145808837891e+03 -2.249160396594e-03
1.144897460938e+03 -4.084777549211e-03
1.143986083984e+03 -9.322718824687e-04
1.143074707031e+03 -1.630396659626e-06
1.142163330078e+03 4.197557171877e-04
1.141252075195e+03 -7.527355074785e-03
1.140340698242e+03 -4.456076356824e-03
1.139429321289e+03 -7.925927061795e-03
1.138517944336e+03 -4.818268527958e-03
1.137606567383e+03 2.016852474641e-03
1.136695190430e+03 -2.754454981980e-03
1.135783813477e+03 -3.799467267257e-03
1.134872436523e+03 -1.080878309090e-03
1.133961181641e+03 -4.747842060532e-03
1.133049804688e+03 -1.357974116930e-03
1.132138427734e+03 -1.525905204770e-03
1.131227050781e+03 -7.244003639970e-03
1.130315673828e+03 -6.944563718674e-03
1.129404296875e+03 -4.669948799692e-03
1.128492919922e+03 3.702993091990e-03
1.127581542969e+03 -2.126857858589e-03
1.126670288086e+03 -2.626484161197e-04
1.125758911133e+03 1.575359776936e-03
1.124847534180e+03 2.243796693565e-03
1.123936157227e+03 -3.915416188246e-03
1.123024780273e+03 3.588239363395e-03
1.122113403320e+03 -2.969124696614e-03
1.121202026367e+03 -2.377751284526e-04
1.120290649414e+03 4.600668648848e-03
1.119379394531e+03 9.827592243633e-04
1.118468017578e+03 2.016051865014e-03
1.117556640625e+03 4.378278165396e-04
1.116645263672e+03 -4.674864991026e-03
1.115733886719e+03 -9.686224920673e-04
1.114822509766e+03 -1.682239612373e-03
1.113911132812e+03 -1.330546919124e-03
1.112999755859e+03 -6.102122596659e-03
1.112088500977e+03 3.012004280102e-03
1.111177124023e+03 -3.274652636617e-03
1.110265747070e+03 1.651512820485e-03
1.109354370117e+03 -2.642112380590e-03
1.108442993164e+03 -7.994700453924e-04
1.107531616211e+03 -5.940721794010e-03
1.106620239258e+03 -1.661937196514e-03
1.105708862305e+03 1.025239501416e-04
1.104797607422e+03 -6.194554861563e-04
1.103886230469e+03 -7.569143535594e-04
1.102974853516e+03 -5.014240979893e-03
1.102063476562e+03 1.869940250522e-03
1.101152099609e+03 -4.808655967229e-03
1.100240722656e+03 -3.356263558538e-03
1.099329345703e+03 1.515323830099e-03
1.098417968750e+03 -5.679426462996e-04
1.097506713867e+03 -5.024456262819e-03
1.096595336914e+03 -2.038433648609e-03
1.095683959961e+03 3.766201913428e-03
1.094772583008e+03 4.554776884889e-03
1.093861206055e+03 3.255072033041e-03
1.092949829102e+03 1.504262280387e-03
1.092038452148e+03 -6.668404061430e-05
1.091127075195e+03 -7.295959819196e-03
1.090215820312e+03 -4.520645356321e-03
1.089304443359e+03 9.402968138039e-04
1.088393066406e+03 -1.869832842947e-03
1.087481689453e+03 -3.254339611131e-03
1.086570312500e+03 -2.012112951481e-03
1.085658935547e+03 -6.441529699152e-04
1.084747558594e+03 -9.441317768309e-04
1.083836181641e+03 2.425237293995e-03
1.082924926758e+03 3.726528106307e-03
1.082013549805e+03 5.056232692551e-03
1.081102172852e+03 7.131957154469e-04
1.080190795898e+03 -7.103359291583e-05
1.079279418945e+03 4.788021076647e-04
1.078368041992e+03 9.392820744807e-05
1.077456665039e+03 1.811911430589e-03
1.076545288086e+03 2.343213907912e-03
1.075634033203e+03 3.468917534607e-03
1.074722656250e+03 2.198691234117e-03
1.073811279297e+03 1.389381355474e-03
1.072899902344e+03 1.541929169221e-04
1.071988525391e+03 -8.782058626306e-05
1.071077148438e+03 1.304872813214e-03
1.070165771484e+03 2.971164091983e-05
1.069254394531e+03 1.331059757512e-03
1.068343139648e+03 4.180411298946e-04
1.067431762695e+03 -1.589634970828e-03
1.066520385742e+03 -1.403492398167e-03
1.065609008789e+03 2.075457671516e-03
1.064697631836e+03 -4.722014591864e-04
1.063786254883e+03 6.503436278249e-04
1.062874877930e+03 3.051763441078e-03
1.061963500977e+03 1.707586354657e-05
1.061052246094e+03 -2.062835076083e-03
1.060140869141e+03 1.945244017250e-04
1.059229492188e+03 -2.078400650992e-04
1.058318115234e+03 -2.102861504300e-03
1.057406738281e+03 4.633730572015e-04
1.056495361328e+03 -1.263310969275e-03
1.055583984375e+03 1.516422224545e-03
1.054672607422e+03 6.655592042427e-04
1.053761352539e+03 -1.953053567191e-03
1.052849975586e+03 -1.538413836117e-03
1.051938598633e+03 -1.657253820933e-03
1.051027221680e+03 -3.973759363090e-03
1.050115844727e+03 5.671130390118e-05
1.049204467773e+03 1.488877963212e-03
1.048293090820e+03 -5.390525120233e-04
1.047381713867e+03 1.282623471146e-05
1.046470458984e+03 1.247523128636e-03
1.045559082031e+03 2.269294608137e-03
1.044647705078e+03 -1.696178993681e-03
1.043736328125e+03 1.214589653485e-03
1.042824951172e+03 5.181531198563e-03
1.041913574219e+03 -1.046711852199e-03
1.041002197266e+03 -2.308350911109e-03
1.040090820312e+03 5.358135954724e-04
1.039179565430e+03 -3.298240103023e-03
1.038268188477e+03 -6.084432414087e-03
1.037356811523e+03 1.011865306278e-03
1.036445434570e+03 -4.521080708667e-03
1.035534057617e+03 -4.873651259165e-03
1.034622680664e+03 -1.060327771005e-02
1.033711303711e+03 -1.144739324582e-03
1.032799926758e+03 -2.030238009563e-04
1.031888549805e+03 3.425135536754e-03
1.030977294922e+03 7.618759993982e-03
1.030065917969e+03 -3.394368809753e-03
1.029154541016e+03 -3.142523199570e-03
1.028243164062e+03 -9.834397902297e-04
1.027331787109e+03 -5.454608684578e-05
1.026420410156e+03 5.574110295884e-03
1.025509033203e+03 3.071740296351e-03
1.024597656250e+03 7.381796233795e-03
1.023686340332e+03 1.873576134026e-03
1.022774963379e+03 6.327874484213e-03
1.021863647461e+03 4.113211350305e-03
1.020952270508e+03 2.366365545136e-03
1.020040893555e+03 4.096729502951e-05
1.019129516602e+03 -2.050325491062e-03
1.018218200684e+03 5.249811660257e-04
1.017306823730e+03 -8.990097472905e-04
1.016395446777e+03 1.327250774661e-05
1.015484069824e+03 -4.092311576668e-03
1.014572753906e+03 1.487957756860e-04
1.013661376953e+03 -3.733459411567e-03
1.012750000000e+03 8.401812714052e-04
1.011838623047e+03 -1.852839677124e-03
1.010927307129e+03 1.528563333635e-03
1.010015930176e+03 -6.016949939415e-03
1.009104553223e+03 -4.818288078283e-03
1.008193176270e+03 -3.406092328681e-03
1.007281860352e+03 -2.480377553496e-03
1.006370483398e+03 1.551974727913e-03
1.005459106445e+03 2.453511116215e-03
1.004547729492e+03 5.979472921186e-03
1.003636413574e+03 -6.681403239026e-04
1.002725036621e+03 6.775690638982e-04
1.001813659668e+03 2.697957621511e-05
1.000902282715e+03 -2.991063260049e-03
9.999909667969e+02 -5.318882121949e-04
9.990795898438e+02 2.042085506158e-03
9.981682128906e+02 1.402860588903e-03
9.972568359375e+02 -3.810512485296e-03
9.963455200195e+02 -1.076862982400e-03
9.954341430664e+02 3.493240522365e-03
9.945227661133e+02 2.677660592423e-03
9.936113891602e+02 -1.484767269085e-04
9.927000732422e+02 -4.427448006160e-03
9.917886962891e+02 -5.029233694534e-03
9.908773193359e+02 -1.896681130613e-04
9.899659423828e+02 2.393304938505e-03
9.890546264648e+02 1.547465517112e-03
9.881432495117e+02 3.724329886903e-03
9.872318725586e+02 6.694521268290e-03
9.863204956055e+02 4.713115439162e-03
9.854091796875e+02 5.119366412133e-03
9.844978027344e+02 -4.361330775943e-04
9.835864257812e+02 -1.796250905477e-03
9.826750488281e+02 -2.696161398202e-03
9.817637329102e+02 3.792626561060e-03
9.808523559570e+02 3.018941068990e-03
9.799409790039e+02 -1.899140686594e-03
9.790296020508e+02 1.321735683278e-03
9.781182861328e+02 4.225091181211e-03
9.772069091797e+02 3.853558961797e-03
9.762955322266e+02 2.824102535871e-03
9.753841552734e+02 2.804507388761e-03
9.744728393555e+02 2.761602056065e-03
9.735614624023e+02 -1.626578981947e-05
9.726500854492e+02 -5.066718818995e-03
9.717387084961e+02 4.588319519539e-03
9.708273925781e+02 2.066345312990e-03
9.699160156250e+02 1.668034871174e-03
9.690046386719e+02 4.969471213820e-03
9.680932617188e+02 -1.424854227032e-03
9.671819458008e+02 -3.723377643053e-03
9.662705688477e+02 -2.085563997146e-03
9.653591918945e+02 -3.686133321368e-03
9.644478149414e+02 -2.972643039753e-03
9.635364990234e+02 -7.587398889435e-03
9.626251220703e+02 -2.846086637257e-03
9.617137451172e+02 7.192549451087e-04
9.608023681641e+02 6.612532154880e-05
9.598910522461e+02 -8.795372665454e-04
9.589796752930e+02 4.253708326201e-04
9.580682983398e+02 1.125363760994e-03
9.571569213867e+02 -1.258693635644e-03
9.562456054688e+02 -1.801039900494e-03
9.553342285156e+02 -5.311084999577e-03
9.544228515625e+02 1.136779362313e-03
9.535114746094e+02 -6.624759023881e-06
9.526001586914e+02 -3.136151462741e-03
9.516887817383e+02 1.742263519071e-03
9.507774047852e+02 -9.820994009143e-04
9.498660278320e+02 -3.615598850321e-03
9.489547119141e+02 -3.120093732257e-03
9.480433349609e+02 3.937041946490e-03
9.471319580078e+02 2.077966788762e-03
9.462205810547e+02 4.468481156875e-04
9.453092651367e+02 3.390875262147e-03
9.443978881836e+02 2.506972670421e-03
9.434865112305e+02 1.359399264054e-03
9.425751342773e+02 -1.795060362246e-03
9.416638183594e+02 2.008493638070e-04
9.407524414062e+02 4.268245899752e-03
9.398410644531e+02 2.235447989784e-03
9.389296875000e+02 -2.312615266017e-03
9.380183715820e+02 1.348582093397e-03
9.371069946289e+02 6.743975005991e-03
9.361956176758e+02 7.987097165866e-03
9.352842407227e+02 7.398795002455e-03
9.343729248047e+02 5.783446586650e-03
9.334615478516e+02 4.941863771561e-03
9.325501708984e+02 7.370096795144e-04
9.316387939453e+02 -7.335440417852e-05
9.307274780273e+02 4.438909741477e-03
9.298161010742e+02 -4.560353018882e-03
9.289047241211e+02 2.478400824963e-03
9.279933471680e+02 5.152987724917e-03
9.270820312500e+02 2.289604772599e-03
9.261706542969e+02 3.849797431696e-04
9.252592773438e+02 -1.750216090363e-03
9.243479003906e+02 -1.942738982923e-03
9.234365844727e+02 2.685288556805e-03
9.225252075195e+02 6.643894630334e-04
9.216138305664e+02 4.294003750192e-04
9.207024536133e+02 2.182119711571e-03
9.197911376953e+02 -1.457574436754e-03
9.188797607422e+02 -2.284515966205e-03
9.179683837891e+02 2.128911834745e-03
9.170570068359e+02 -3.961935469935e-03
9.161456909180e+02 1.200113591930e-03
9.152343139648e+02 3.817756357329e-03
9.143229370117e+02 3.807412268760e-04
9.134115600586e+02 4.604049901298e-03
9.125002441406e+02 4.442041608080e-03
9.115888671875e+02 1.865130274670e-03
9.106774902344e+02 -1.863685100384e-03
9.097661132812e+02 -1.318691435506e-03
9.088547973633e+02 1.682153304843e-03
9.079434204102e+02 2.072527507040e-03
9.070320434570e+02 3.358907143869e-03
9.061206665039e+02 9.534319496015e-04
9.052093505859e+02 -8.827369036335e-04
9.042979736328e+02 -2.027949429513e-03
9.033865966797e+02 4.817702701039e-04
9.024752197266e+02 5.567088868396e-03
9.015639038086e+02 -4.902683014084e-03
9.006525268555e+02 -3.558351208899e-03
8.997411499023e+02 -1.810300555383e-03
8.988297729492e+02 -2.395348901081e-03
8.979184570312e+02 1.317055764766e-03
8.970070800781e+02 1.481292556548e-03
8.960957031250e+02 -2.695448824640e-04
8.951843261719e+02 -1.917920352718e-04
8.942730102539e+02 4.985140560420e-03
8.933616333008e+02 2.743901621493e-03
8.924502563477e+02 -1.104477577217e-03
8.915388793945e+02 1.504760217613e-03
8.906275634766e+02 1.979340885716e-03
8.897161865234e+02 3.098595289540e-03
8.888048095703e+02 2.595280055291e-03
8.878934326172e+02 2.495370744973e-03
8.869821166992e+02 6.011773633399e-04
8.860707397461e+02 2.906351227522e-03
8.851593627930e+02 2.582169655422e-03
8.842479858398e+02 -1.407108850556e-03
8.833366699219e+02 1.766763055795e-03
8.824252929688e+02 -1.118540101727e-03
8.815139160156e+02 -1.320085469004e-03
8.806025390625e+02 4.262093508026e-04
8.796912231445e+02 2.111497502482e-03
8.787798461914e+02 -2.930373569437e-03
8.778684692383e+02 -4.769147622610e-03
8.769570922852e+02 -1.276519001557e-03
8.760457153320e+02 -1.203512606564e-03
8.751343994141e+02 -3.145629316966e-03
8.742230224609e+02 -8.301684058631e-04
8.733116455078e+02 1.317023578257e-03
8.724002685547e+02 2.193840131057e-03
8.714889526367e+02 5.558184649299e-04
8.705775756836e+02 -7.402837032028e-04
8.696661987305e+02 -2.905813593600e-03
8.687548217773e+02 -3.602074078942e-03
8.678435058594e+02 -2.924865623161e-04
8.669321289062e+02 -3.245832120569e-03
8.660207519531e+02 -3.584469488643e-03
8.651093750000e+02 -3.834222260439e-03
8.641980590820e+02 -4.759621846248e-03
8.632866821289e+02 -3.251913701973e-03
8.623753051758e+02 -5.566723611115e-03
8.614639282227e+02 -1.470363448363e-03
8.605526123047e+02 -4.731861339253e-03
8.596412353516e+02 1.527401400635e-03
8.587298583984e+02 1.986592506353e-04
8.578184814453e+02 -5.986722396056e-04
8.569071655273e+02 -1.175773557242e-03
8.559957885742e+02 3.352358500446e-03
8.550844116211e+02 6.050415803279e-03
8.541730346680e+02 5.950938030610e-03
8.532617187500e+02 4.953432020382e-04
8.523503417969e+02 -3.571502616766e-03
8.514389648438e+02 -5.885821264402e-04
8.505275878906e+02 -2.884474891339e-03
8.496162719727e+02 -2.040559627180e-03
8.487048950195e+02 2.677894242641e-03
8.477935180664e+02 4.233300410116e-03
8.468821411133e+02 1.078071764653e-03
8.459708251953e+02 -2.435212250981e-03
8.450594482422e+02 -2.143055302366e-03
8.441480712891e+02 -3.407772226069e-03
8.432366943359e+02 -3.852727298149e-04
8.423253784180e+02 -1.336328450733e-03
8.414140014648e+02 -8.071493532179e-03
8.405026245117e+02 -3.820087375887e-03
8.395912475586e+02 2.627816563490e-03
8.386799316406e+02 5.482659123480e-03
8.377685546875e+02 3.682551320465e-03
8.368571777344e+02 -3.533731866833e-03
8.359458007812e+02 -6.027610111430e-03
8.350344848633e+02 -5.212529430016e-03
8.341231079102e+02 -3.876290743883e-03
8.332117309570e+02 2.485666869924e-03
8.323003540039e+02 -3.357566992972e-03
8.313890380859e+02 -7.919339913769e-04
8.304776611328e+02 2.136464458853e-03
8.295662841797e+02 3.235527132649e-04
8.286549072266e+02 3.101855425345e-03
8.277435913086e+02 3.003779553988e-03
8.268322143555e+02 -5.498666547641e-03
8.259208374023e+02 -8.740204391769e-04
8.250094604492e+02 -5.046675921772e-03
8.240981445312e+02 -5.641703396781e-03
8.231867675781e+02 -5.769193446477e-04
8.222753906250e+02 -1.638851243613e-03
8.213640136719e+02 -3.562537362510e-03
8.204526977539e+02 -4.451757165640e-03
8.195413208008e+02 -4.989036797025e-03
8.186299438477e+02 2.188716038712e-03
8.177185668945e+02 1.960697863247e-03
8.168072509766e+02 -7.114820818283e-04
8.158958740234e+02 -2.182090862921e-03
8.149844970703e+02 -3.231099103378e-04
8.140731201172e+02 6.948657842708e-03
8.131618041992e+02 3.903384632499e-03
8.122504272461e+02 4.366562097049e-03
8.113390502930e+02 4.740651832682e-03
8.104276733398e+02 -3.354413668695e-03
8.095163574219e+02 -8.101528552527e-03
8.086049804688e+02 -6.106404117706e-03
8.076936035156e+02 -5.968226239439e-03
8.067822265625e+02 -1.178071674036e-03
8.058709106445e+02 -4.097901062102e-03
8.049595336914e+02 -1.240611492909e-03
8.040481567383e+02 1.008040356832e-03
8.031367797852e+02 1.776903236864e-03
8.022254638672e+02 -4.071737482826e-03
8.013140869141e+02 -1.787868227047e-03
8.004027099609e+02 2.742270361498e-03
7.994913330078e+02 3.208712730225e-03
7.985800170898e+02 -1.255418360258e-03
7.976686401367e+02 1.827501979845e-03
7.967572631836e+02 2.418968315578e-03
7.958458862305e+02 4.134345250997e-03
7.949345703125e+02 1.365984147103e-03
7.940231933594e+02 3.613846473681e-03
7.931118164062e+02 1.920714767609e-04
7.922004394531e+02 8.056370164151e-03
7.912891235352e+02 8.535539078817e-03
7.903777465820e+02 -3.677879150558e-04
7.894663696289e+02 3.432613059006e-03
7.885549926758e+02 -1.110463075930e-03
7.876436767578e+02 2.027026064115e-04
7.867322998047e+02 2.258987534054e-03
7.858209228516e+02 3.427759810179e-03
7.849095458984e+02 5.232012520388e-04
7.839982299805e+02 -3.687823947593e-03
7.830868530273e+02 -1.677217712196e-04
7.821754760742e+02 3.127904980931e-04
7.812640991211e+02 -5.406412858262e-03
7.803527832031e+02 -2.689773210491e-03
7.794414062500e+02 -3.756698309995e-03
7.785300292969e+02 -3.035589362322e-03
7.776186523438e+02 2.102187018107e-03
7.767073364258e+02 1.081852725869e-03
7.757959594727e+02 6.370685999193e-04
7.748845825195e+02 -1.034894277136e-03
7.739732055664e+02 2.194227799685e-03
7.730618896484e+02 1.392674154627e-03
7.721505126953e+02 -2.080957511560e-03
7.712391357422e+02 6.736131034366e-04
7.703277587891e+02 -3.251661931942e-03
7.694164428711e+02 -1.550512536500e-04
7.685050659180e+02 7.587383630645e-03
7.675936889648e+02 3.387673300478e-03
7.666823120117e+02 2.241736518525e-03
7.657709960938e+02 -1.927340003005e-03
7.648596191406e+02 1.883629798950e-04
7.639482421875e+02 1.810646739176e-03
7.630368652344e+02 1.633178192463e-03
7.621255493164e+02 -3.311771311704e-03
7.612141723633e+02 2.474504588358e-03
7.603027954102e+02 1.473275373817e-03
7.593914184570e+02 -1.136487701871e-04
7.584801025391e+02 -1.612094598093e-03
7.575687255859e+02 -2.035443164229e-03
7.566573486328e+02 -3.949142166792e-03
7.557459716797e+02 -3.793415249758e-03
7.548346557617e+02 -4.327725139180e-03
7.539232788086e+02 -2.401354426955e-03
7.530119018555e+02 -5.679352553233e-03
7.521005249023e+02 -2.739960323775e-03
7.511892089844e+02 -3.063476469589e-03
7.502778320312e+02 -9.852159491237e-04
7.493664550781e+02 5.415936250438e-03
7.484550781250e+02 -1.556974365754e-03
7.475437622070e+02 -3.191038760117e-03
7.466323852539e+02 4.001597058104e-04
7.457210083008e+02 -1.316438379826e-03
7.448096313477e+02 -1.506004643446e-03
7.438983154297e+02 4.178389270881e-03
7.429869384766e+02 6.696509202497e-03
7.420755615234e+02 -4.404649943707e-03
7.411641845703e+02 4.083892539403e-03
7.402528686523e+02 1.371890014006e-03
7.393414916992e+02 3.770747602273e-03
7.384301147461e+02 3.641171628330e-03
7.375187377930e+02 9.907102459355e-04
7.366074218750e+02 3.428583546409e-03
7.356960449219e+02 4.443433018974e-03
7.347846679688e+02 -1.994265293430e-03
7.338732910156e+02 -4.157693583558e-03
7.329619750977e+02 -5.619627742657e-03
7.320505981445e+02 -3.507615196415e-04
7.311392211914e+02 -5.020656228115e-04
7.302278442383e+02 -2.732905517684e-03
7.293165283203e+02 -2.890379327731e-03
7.284051513672e+02 -6.486242125554e-04
7.274937744141e+02 -1.199562487358e-03
7.265823974609e+02 7.515563844977e-03
7.256710815430e+02 3.494299100907e-03
7.247597045898e+02 2.211829767379e-03
7.238483276367e+02 -3.587938717552e-03
7.229369506836e+02 -9.609644869428e-04
7.220255737305e+02 -2.011164760747e-03
7.211142578125e+02 -2.247494327484e-03
7.202028808594e+02 6.563198878172e-04
7.192915039062e+02 3.560774495452e-03
7.183801269531e+02 -3.985559652805e-03
7.174688110352e+02 -1.392763203970e-03
7.165574340820e+02 5.391808289087e-03
7.156460571289e+02 1.179483827347e-03
7.147346801758e+02 1.919066877917e-03
7.138233642578e+02 5.723092827832e-03
7.129119873047e+02 2.176311357871e-03
7.120006103516e+02 1.258701622667e-03
7.110892333984e+02 -1.466296742466e-03
7.101779174805e+02 -3.455126211244e-03
7.092665405273e+02 -2.853772298938e-03
7.083551635742e+02 -3.556847979686e-03
7.074437866211e+02 -2.232045518080e-03
7.065324707031e+02 1.049636652257e-03
7.056210937500e+02 -1.152443642518e-04
7.047097167969e+02 -4.604807595578e-03
7.037983398438e+02 -2.429908152600e-03
7.028870239258e+02 -8.329942026014e-04
7.019756469727e+02 -2.539512754898e-03
7.010642700195e+02 -5.207033881507e-03
7.001528930664e+02 -3.805806817576e-04
6.992415771484e+02 9.994634268551e-04
6.983302001953e+02 2.880195039222e-03
6.974188232422e+02 1.137564757854e-05
6.965074462891e+02 1.127172404421e-03
6.955961303711e+02 -6.615596727836e-04
6.946847534180e+02 -3.918864436319e-03
6.937733764648e+02 -1.999577855671e-03
6.928619995117e+02 1.892861933015e-03
6.919506835938e+02 1.067803075964e-03
6.910393066406e+02 -2.133958917886e-03
6.901279296875e+02 -4.033182812568e-03
6.892165527344e+02 -3.588955096003e-03
6.883052368164e+02 -3.455773756136e-03
6.873938598633e+02 5.353575960763e-03
6.864824829102e+02 -1.321780267554e-03
6.855711059570e+02 -2.126857381752e-03
6.846597900391e+02 2.255182850188e-03
6.837484130859e+02 -6.463368842035e-04
6.828370361328e+02 -2.878784793260e-03
6.819256591797e+02 1.493327807784e-03
6.810143432617e+02 -3.386407059344e-03
6.801029663086e+02 1.924943538543e-03
6.791915893555e+02 2.474102853033e-03
6.782802124023e+02 -3.487378286064e-03
6.773688964844e+02 -3.944651791060e-03
6.764575195312e+02 -1.834748712901e-03
6.755461425781e+02 -2.904937166862e-03
6.746347656250e+02 4.457673284543e-03
6.737234497070e+02 3.414614362778e-03
6.728120727539e+02 2.303390612335e-03
6.719006958008e+02 3.944018551283e-03
6.709893188477e+02 3.314843096823e-03
6.700780029297e+02 2.393225545114e-03
6.691666259766e+02 6.622215108697e-03
6.682552490234e+02 1.121397429324e-03
6.673438720703e+02 -5.367784159032e-04
6.664325561523e+02 8.109313634760e-04
6.655211791992e+02 1.394650167904e-03
6.646098022461e+02 1.109585337889e-03
6.636984252930e+02 -9.835273494570e-04
6.627871093750e+02 -2.263037789068e-03
6.618757324219e+02 -1.678086837365e-03
6.609643554688e+02 2.596052293106e-03
6.600529785156e+02 2.237389044936e-04
6.591416625977e+02 -2.962231180699e-04
6.582302856445e+02 9.288170182795e-04
6.573189086914e+02 2.406732673518e-03
6.564075317383e+02 5.860259334439e-03
6.554962158203e+02 -9.483221027669e-04
6.545848388672e+02 -1.231067954362e-03
6.536734619141e+02 -4.848391643975e-04
6.527620849609e+02 -9.777672159170e-04
6.518507690430e+02 7.926934141921e-04
6.509393920898e+02 2.062889435522e-03
6.500280151367e+02 2.489369033797e-03
6.491166381836e+02 2.498293995311e-03
6.482053222656e+02 2.018744802993e-03
6.472939453125e+02 -6.130342774696e-03
6.463825683594e+02 -3.773299634865e-03
6.454711914062e+02 -1.337877352006e-05
6.445598754883e+02 6.349662605517e-03
6.436484985352e+02 1.739211880322e-03
6.427371215820e+02 6.031182098752e-04
6.418257446289e+02 2.423734303201e-03
6.409144287109e+02 1.966895435296e-03
6.400030517578e+02 1.297036232565e-03
6.390916748047e+02 -6.531353783886e-03
6.381802978516e+02 -4.424741955159e-03
6.372689819336e+02 -3.661025459610e-03
6.363576049805e+02 8.230298552425e-04
6.354462280273e+02 -1.076038983909e-02
6.345348510742e+02 -1.468318532113e-03
6.336235351562e+02 -4.560306288838e-03
6.327121582031e+02 2.127986055359e-03
6.318007812500e+02 3.658397371488e-03
6.308894042969e+02 3.287458099109e-03
6.299780883789e+02 -2.353615157338e-03
6.290667114258e+02 -4.794043828264e-04
6.281553344727e+02 3.387765330054e-03
6.272439575195e+02 -1.574095562360e-03
6.263326416016e+02 -1.186526116461e-03
6.254212646484e+02 -7.846990004365e-04
6.245098876953e+02 5.999443339157e-03
6.235985107422e+02 2.731483112374e-03
6.226871948242e+02 3.288412727145e-03
