#title: Spectral profile - NGC_1052.Line.NatClean.image-raster
#region (world): Point[[02:41:04.798, -08d15m20.751]]
#region (pixel): Point[[256, 256]]
#coordinate: world
#xLabel: frequency [GHz]
#yLabel: [Jy/beam] Mean

# NGC_1052.Line.NatClean.image-raster
3.186855163574e+02 -2.034593023140e-04
3.186864929199e+02 1.040251542863e-03
3.186874694824e+02 1.139036471109e-03
3.186884460449e+02 2.508049607194e-03
3.186894226074e+02 1.190618929194e-03
3.186903991699e+02 -2.120807748438e-03
3.186913757324e+02 1.021596837883e-03
3.186923522949e+02 -8.474306866703e-04
3.186933288574e+02 -2.203844175112e-03
3.186943054199e+02 -3.423998280078e-03
3.186952819824e+02 4.960057017359e-03
3.186962585449e+02 3.354995171637e-03
3.186972351074e+02 1.716415963636e-03
3.186982116699e+02 2.749395977910e-03
3.186991882324e+02 -2.435120757847e-04
3.187001647949e+02 2.506864428381e-03
3.187011413574e+02 -1.085948399625e-04
3.187021179199e+02 -3.964849421948e-03
3.187030944824e+02 -1.072545817774e-03
3.187040710449e+02 3.124626784917e-03
3.187050476074e+02 -1.419072695424e-03
3.187060241699e+02 3.392484051191e-04
3.187070007324e+02 2.237807380155e-03
3.187079772949e+02 3.067788031378e-03
3.187089538574e+02 3.720843968692e-04
3.187099304199e+02 2.707434067576e-03
3.187109069824e+02 -2.030081994398e-04
3.187118835449e+02 7.603003743806e-04
3.187128601074e+02 1.242982580692e-04
3.187138366699e+02 4.327165809167e-03
3.187148132324e+02 1.034503866695e-03
3.187157897949e+02 3.327100136953e-04
3.187167663574e+02 -1.473824809459e-03
3.187177429199e+02 2.305831780282e-03
3.187187194824e+02 3.078275826752e-03
3.187196960449e+02 2.090358356580e-03
3.187206726074e+02 3.972042093588e-04
3.187216491699e+02 4.213550290923e-03
3.187226257324e+02 2.080995181697e-03
3.187236022949e+02 1.442613789414e-03
3.187245788574e+02 7.888324635387e-04
3.187255554199e+02 -1.290836872377e-03
3.187265319824e+02 3.781671942086e-03
3.187275085449e+02 2.311920037407e-03
3.187284851074e+02 2.955321213902e-03
3.187294616699e+02 -2.620928173575e-03
3.187304382324e+02 3.331900516457e-03
3.187314147949e+02 1.641384321927e-03
3.187323913574e+02 -1.749055111037e-03
3.187333679199e+02 2.353788249235e-03
3.187343444824e+02 2.742427479349e-03
3.187353210449e+02 -6.872287812165e-07
3.187362976074e+02 -3.013888740640e-03
3.187372741699e+02 4.005920600427e-03
3.187382507324e+02 -1.931658598142e-03
3.187392272949e+02 -3.332445541355e-03
3.187402038574e+02 1.789925183436e-03
3.187411804199e+02 1.248184948841e-04
3.187421569824e+02 1.820571389840e-03
3.187431335449e+02 -2.126225810905e-03
3.187441101074e+02 5.356496230868e-04
3.187450866699e+02 7.683516658712e-05
3.187460632324e+02 -6.072416593966e-04
3.187470397949e+02 -2.902538675842e-03
3.187480163574e+02 -4.589869717214e-03
3.187489929199e+02 5.316967620668e-04
3.187499694824e+02 3.408333701850e-03
3.187509460449e+02 -7.311167468195e-04
3.187519226074e+02 3.667120809688e-05
3.187528991699e+02 -1.264738619795e-03
3.187538757324e+02 1.390755004183e-03
3.187548522949e+02 1.209286389568e-03
3.187558288574e+02 2.903627056708e-03
3.187567749023e+02 4.809804489184e-04
3.187577514648e+02 2.023337698719e-03
3.187587280273e+02 -5.109732393731e-03
3.187597045898e+02 -1.421952791996e-03
3.187606811523e+02 -1.710088453455e-03
3.187616577148e+02 2.300801386443e-04
3.187626342773e+02 2.679590590912e-03
3.187636108398e+02 -9.882325999437e-04
3.187645874023e+02 -2.252337741544e-04
3.187655639648e+02 -4.051869108011e-04
3.187665405273e+02 -1.224864660267e-03
3.187675170898e+02 -2.333981624835e-03
3.187684936523e+02 1.719403586993e-03
3.187694702148e+02 -1.091501541125e-04
3.187704467773e+02 2.725093732569e-03
3.187714233398e+02 2.522694230692e-03
3.187723999023e+02 -7.567840056456e-06
3.187733764648e+02 3.500116752932e-03
3.187743530273e+02 3.742970644395e-03
3.187753295898e+02 1.868600099626e-03
3.187763061523e+02 -9.661410909828e-04
3.187772827148e+02 3.448869630594e-03
3.187782592773e+02 1.658806402794e-03
3.187792358398e+02 9.737098083451e-04
3.187802124023e+02 -2.569639327984e-03
3.187811889648e+02 1.429212638074e-03
3.187821655273e+02 -8.273632919374e-04
3.187831420898e+02 -5.213220963137e-04
3.187841186523e+02 -2.282267917316e-03
3.187850952148e+02 -1.081979683769e-03
3.187860717773e+02 -3.989119421174e-04
3.187870483398e+02 6.143712544189e-05
3.187880249023e+02 3.601067952490e-03
3.187890014648e+02 1.346173946424e-03
3.187899780273e+02 -2.868018584576e-04
3.187909545898e+02 -1.508937907364e-03
3.187919311523e+02 -2.181604488997e-03
3.187929077148e+02 4.297300185228e-04
3.187938842773e+02 9.822420944407e-04
3.187948608398e+02 -5.554982926048e-03
3.187958374023e+02 -2.294339288968e-03
3.187968139648e+02 -6.795959199401e-04
3.187977905273e+02 6.897901028202e-04
3.187987670898e+02 -8.594887068811e-04
3.187997436523e+02 -1.842281190638e-03
3.188007202148e+02 -1.362255131337e-04
3.188016967773e+02 -4.053888513472e-03
3.188026733398e+02 1.874274700496e-03
3.188036499023e+02 1.424199648792e-03
3.188046264648e+02 -2.114343982033e-03
3.188056030273e+02 -1.022945095012e-03
3.188065795898e+02 -2.321787229191e-03
3.188075561523e+02 7.458092924545e-04
3.188085327148e+02 -1.103164367621e-03
3.188095092773e+02 -3.083932844252e-04
3.188104858398e+02 3.277823782683e-04
3.188114624023e+02 2.455858347238e-03
3.188124389648e+02 2.538218618789e-03
3.188134155273e+02 1.071570208902e-03
3.188143920898e+02 2.237001525319e-03
3.188153686523e+02 -3.550704290239e-04
3.188163452148e+02 -2.053674318583e-03
3.188173217773e+02 1.629176932469e-03
3.188182983398e+02 3.406098050728e-03
3.188192749023e+02 2.889240163706e-03
3.188202514648e+02 -3.884212559177e-04
3.188212280273e+02 3.319760003414e-03
3.188222045898e+02 7.882179396219e-04
3.188231811523e+02 1.481910179907e-03
3.188241577148e+02 5.681280405955e-03
3.188251342773e+02 3.292151369061e-03
3.188261108398e+02 -9.060377908944e-04
3.188270874023e+02 2.437134858495e-03
3.188280639648e+02 6.808818902122e-04
3.188290405273e+02 -2.447772619162e-03
3.188300170898e+02 -3.626344376191e-03
3.188309936523e+02 1.225359140423e-03
3.188319702148e+02 1.861688344689e-03
3.188329467773e+02 6.471673557586e-04
3.188339233398e+02 1.287975372455e-03
3.188348999023e+02 -2.213392362821e-03
3.188358764648e+02 -3.541600395573e-03
3.188368530273e+02 1.636458355430e-03
3.188378295898e+02 4.256908618940e-03
3.188388061523e+02 5.005600094130e-04
3.188397827148e+02 8.285600340521e-04
3.188407592773e+02 8.108399299465e-04
3.188417358398e+02 -2.632767459630e-05
3.188427124023e+02 1.281499923539e-03
3.188436889648e+02 -1.688742568834e-04
3.188446655273e+02 -3.955530592922e-03
3.188456420898e+02 3.225253496773e-03
3.188466186523e+02 4.571346976923e-03
3.188475952148e+02 3.627762489967e-03
3.188485717773e+02 4.693537935028e-03
3.188495483398e+02 2.130287271593e-03
3.188505249023e+02 2.766382110385e-03
3.188515014648e+02 1.044198324209e-03
3.188524780273e+02 4.230803154196e-04
3.188534545898e+02 3.311314144057e-04
3.188544311523e+02 2.502488731990e-03
3.188554077148e+02 -2.607045059054e-03
3.188563842773e+02 -3.401450795563e-03
3.188573608398e+02 -9.086418583437e-04
3.188583374023e+02 -2.656942732170e-03
3.188593139648e+02 8.325149812347e-04
3.188602905273e+02 4.030594063513e-03
3.188612670898e+02 6.072384407457e-04
3.188622436523e+02 2.395025367053e-03
3.188632202148e+02 8.685993964771e-04
3.188641967773e+02 -2.569902780526e-03
3.188651733398e+02 -1.133069926674e-03
3.188661499023e+02 -9.238786540160e-04
3.188671264648e+02 1.216966448413e-03
3.188681030273e+02 6.764481388953e-04
3.188690795898e+02 1.180807288942e-03
3.188700561523e+02 -1.379258817380e-03
3.188710327148e+02 4.183275898310e-04
3.188720092773e+02 6.755566917857e-04
3.188729858398e+02 7.639342313266e-04
3.188739624023e+02 1.654007990243e-03
3.188749389648e+02 7.782069218238e-04
3.188759155273e+02 8.927597827564e-04
3.188768920898e+02 2.810011520340e-03
3.188778686523e+02 -3.017839932730e-04
3.188788452148e+02 -1.809645023469e-03
3.188798217773e+02 -1.659021217944e-03
3.188807983398e+02 1.933537455844e-03
3.188817749023e+02 1.132187301052e-03
3.188827514648e+02 8.802734435480e-04
3.188837280273e+02 -2.879147368331e-04
3.188847045898e+02 -1.834497896544e-03
3.188856811523e+02 -1.603243307923e-03
3.188866577148e+02 3.741176782921e-03
3.188876342773e+02 3.484578059719e-03
3.188886108398e+02 1.247038080915e-04
3.188895874023e+02 6.517125230630e-05
3.188905639648e+02 -8.868807975491e-05
3.188915405273e+02 7.864392773326e-04
3.188925170898e+02 -2.396581525193e-03
3.188934936523e+02 -3.790273607992e-03
3.188944702148e+02 1.513201189389e-03
3.188954467773e+02 2.039306737487e-03
3.188964233398e+02 4.159454066429e-03
3.188973999023e+02 2.320721974929e-03
3.188983764648e+02 3.039965773968e-03
3.188993530273e+02 1.428737857254e-04
3.189003295898e+02 -1.471985648453e-04
3.189013061523e+02 4.081964388658e-04
3.189022827148e+02 1.542686774095e-03
3.189032592773e+02 2.706043610357e-03
3.189042358398e+02 -5.226748237912e-04
3.189052124023e+02 -1.161438520284e-03
3.189061889648e+02 -8.960431643745e-04
3.189071655273e+02 -6.926685900670e-05
3.189081420898e+02 -1.633359867429e-03
3.189091186523e+02 -2.556295754734e-03
3.189100952148e+02 -4.689486726340e-03
3.189110717773e+02 -1.858771174026e-03
3.189120483398e+02 -5.292606009099e-04
3.189130249023e+02 -4.381840437161e-03
3.189140014648e+02 -7.675420410416e-04
3.189149780273e+02 1.053986837858e-03
3.189159545898e+02 1.912592740303e-03
3.189169311523e+02 -3.191023024490e-04
3.189179077148e+02 -8.057777668300e-04
3.189188842773e+02 9.948865647793e-04
3.189198608398e+02 -3.407613916125e-03
3.189208374023e+02 -1.669544537688e-03
3.189218139648e+02 2.355584971732e-03
3.189227905273e+02 9.992197630556e-04
3.189237670898e+02 1.360549514543e-03
3.189247436523e+02 -1.428198166972e-03
3.189257202148e+02 -1.447626301859e-03
3.189266967773e+02 5.565858151632e-04
3.189276733398e+02 -9.235715708715e-04
3.189286499023e+02 1.812826481139e-03
3.189296264648e+02 6.316283645230e-04
3.189306030273e+02 5.049615742201e-04
3.189315795898e+02 4.387867182289e-03
3.189325561523e+02 8.279065883003e-04
3.189335327148e+02 1.362207596630e-03
3.189345092773e+02 -1.275633872540e-03
3.189354858398e+02 -1.248027383955e-03
3.189364624023e+02 -2.071232894094e-03
3.189374389648e+02 -1.389035767727e-03
3.189384155273e+02 3.299251653498e-04
3.189393920898e+02 8.899537151564e-04
3.189403686523e+02 2.807221545995e-03
3.189413452148e+02 2.897454637820e-03
3.189423217773e+02 3.920067734945e-04
3.189432983398e+02 2.387720698280e-03
3.189442749023e+02 1.097404055267e-03
3.189452514648e+02 2.978099249194e-03
3.189462280273e+02 2.549455883002e-04
3.189472045898e+02 -1.687647899678e-03
3.189481811523e+02 7.000804876016e-04
3.189491577148e+02 5.699398788316e-04
3.189501342773e+02 1.636213141910e-03
3.189511108398e+02 -8.955688901935e-04
3.189520874023e+02 -5.646811991918e-04
3.189530639648e+02 -1.981750463200e-03
3.189540405273e+02 -2.152945054509e-04
3.189550170898e+02 -3.667889411619e-04
3.189559936523e+02 -7.845374718415e-04
3.189569702148e+02 1.307480158919e-03
3.189579467773e+02 2.135700804108e-03
3.189589233398e+02 -2.400188798466e-03
3.189598999023e+02 2.656757480926e-03
3.189608764648e+02 8.352883854878e-04
3.189618530273e+02 6.295904816213e-04
3.189628295898e+02 -2.653426773217e-03
3.189638061523e+02 -2.102656702730e-03
3.189647827148e+02 1.591811494140e-03
3.189657592773e+02 1.482541154706e-03
3.189667358398e+02 2.636194592757e-03
3.189677124023e+02 4.610546152236e-04
3.189686889648e+02 8.625764064411e-04
3.189696655273e+02 -2.359917991195e-03
3.189706420898e+02 -1.827930298843e-04
3.189716186523e+02 -3.288881696512e-03
3.189725952148e+02 -1.827052203174e-03
3.189735717773e+02 -4.141264158491e-03
3.189745483398e+02 -1.302604379535e-03
3.189755249023e+02 -8.230395708000e-04
3.189765014648e+02 -1.121827417252e-03
3.189774780273e+02 -2.291766990796e-03
3.189784545898e+02 -3.894212669325e-03
3.189794311523e+02 -5.288163913131e-03
3.189804077148e+02 1.040419866388e-03
3.189813842773e+02 2.215980635039e-03
3.189823608398e+02 1.546608432082e-04
3.189833374023e+02 -4.733363614792e-04
3.189843139648e+02 -6.055910874951e-04
3.189852905273e+02 6.445406981479e-04
3.189862670898e+02 -1.034563113714e-03
3.189872436523e+02 -3.670353110123e-03
3.189882202148e+02 -3.732475219626e-03
3.189891967773e+02 7.316597451592e-04
3.189901733398e+02 1.444573947856e-03
3.189911499023e+02 3.815104248533e-04
3.189921264648e+02 1.100813441110e-03
3.189931030273e+02 7.173856837551e-04
3.189940795898e+02 8.631644062897e-04
3.189950561523e+02 -2.255150425260e-03
3.189960327148e+02 -6.423878378810e-04
3.189970092773e+02 1.152717049037e-03
3.189979858398e+02 -3.333569208171e-03
3.189989624023e+02 -1.061362912999e-03
3.189999389648e+02 -7.530852317878e-04
3.190009155273e+02 -1.093978814588e-03
3.190018920898e+02 -4.933643873423e-04
3.190028686523e+02 -2.674887784216e-03
3.190038452148e+02 -3.746825157747e-03
3.190048217773e+02 3.476721928746e-03
3.190057983398e+02 -4.458399328756e-04
3.190067749023e+02 2.731432329214e-03
3.190077514648e+02 -1.106227688880e-03
3.190087280273e+02 -2.156252725021e-03
3.190097045898e+02 -1.262761295215e-03
3.190106811523e+02 -3.122896581206e-03
3.190116577148e+02 7.987143776700e-04
3.190126342773e+02 1.472050140681e-03
3.190136108398e+02 -6.412816948307e-04
3.190145874023e+02 3.732617078687e-03
3.190155639648e+02 2.352479808011e-03
3.190165405273e+02 -1.406246371305e-03
3.190175170898e+02 3.924495764216e-04
3.190184936523e+02 -1.217366514807e-03
3.190194702148e+02 -2.299465288662e-03
3.190204467773e+02 2.117472272358e-03
3.190214233398e+02 -3.682051356681e-03
3.190223999023e+02 -5.843401828793e-04
3.190233764648e+02 1.444836446724e-03
3.190243530273e+02 -2.270017731721e-03
3.190253295898e+02 -4.385830372271e-04
3.190263061523e+02 -6.391676967941e-04
3.190272827148e+02 -2.683199056278e-03
3.190282592773e+02 -3.824880543229e-03
3.190292358398e+02 -3.750713526538e-03
3.190302124023e+02 1.249525725586e-03
3.190311889648e+02 1.240150152936e-03
3.190321655273e+02 2.102746109702e-03
3.190331420898e+02 3.793710650391e-05
3.190341186523e+02 1.493451308614e-03
3.190350952148e+02 -3.699275430909e-03
3.190360717773e+02 1.685437282508e-03
3.190370483398e+02 1.384953326204e-03
3.190380249023e+02 2.814665451225e-03
3.190390014648e+02 1.809322562325e-03
3.190399780273e+02 3.575907400224e-03
3.190409545898e+02 1.755333149360e-03
3.190419311523e+02 2.166365249534e-03
3.190429077148e+02 2.971517227169e-03
3.190438842773e+02 -1.454366872248e-03
3.190448608398e+02 1.124038749678e-03
3.190458374023e+02 2.706334957874e-03
3.190468139648e+02 5.932587070914e-04
3.190477905273e+02 -1.972062562197e-03
3.190487670898e+02 8.887772386220e-04
3.190497436523e+02 -3.700935718368e-04
3.190507202148e+02 -3.862215702397e-03
3.190516967773e+02 -2.519524693951e-03
3.190526733398e+02 -2.001634931269e-03
3.190536499023e+02 -1.140673929988e-03
3.190546264648e+02 -4.758581864357e-03
3.190556030273e+02 -4.422834129598e-03
3.190565795898e+02 -5.099914793014e-03
3.190575561523e+02 -8.354805508717e-04
3.190585327148e+02 -1.379290646262e-03
3.190595092773e+02 -9.450566621478e-04
3.190604858398e+02 9.866380564110e-04
3.190614624023e+02 -1.266905248735e-03
3.190624389648e+02 -3.820462408330e-04
3.190634155273e+02 1.940058204292e-03
3.190643920898e+02 6.842156377574e-04
3.190653686523e+02 -3.371858518538e-03
3.190663452148e+02 -5.062136294478e-04
3.190673217773e+02 2.479011891810e-03
3.190682983398e+02 1.062466433445e-03
3.190692749023e+02 4.401684016442e-05
3.190702514648e+02 -1.883911103084e-03
3.190712280273e+02 -6.234675345913e-04
3.190722045898e+02 -8.388883273893e-04
3.190731811523e+02 1.270461500430e-03
3.190741577148e+02 -2.520046830664e-03
3.190751342773e+02 -1.876874893644e-03
3.190761108398e+02 -4.619659166413e-03
3.190770874023e+02 -6.704600771828e-04
3.190780639648e+02 1.593847588903e-03
3.190790405273e+02 5.186732657741e-04
3.190800170898e+02 -6.995974515374e-04
3.190809936523e+02 -1.677759131012e-03
3.190819702148e+02 1.059718182353e-03
3.190829467773e+02 -1.266119968679e-05
3.190839233398e+02 -5.293215049388e-03
3.190848999023e+02 -3.799807967423e-03
3.190858764648e+02 -1.805446948929e-03
3.190868530273e+02 4.227679930266e-03
3.190878295898e+02 -1.727364026099e-03
3.190888061523e+02 -1.092734388755e-03
3.190897827148e+02 1.263307273787e-03
3.190907592773e+02 -1.048251440246e-03
3.190917358398e+02 2.668098934063e-04
3.190927124023e+02 2.734612833210e-03
3.190936889648e+02 -4.930549855771e-03
3.190946655273e+02 2.307128538996e-03
3.190956420898e+02 3.524308610465e-03
3.190966186523e+02 3.936886974407e-03
3.190975952148e+02 -5.829199233362e-04
3.190985717773e+02 1.003684210766e-03
3.190995483398e+02 -2.626351242833e-03
3.191005249023e+02 3.213364515343e-03
3.191015014648e+02 -7.946349759832e-04
3.191024780273e+02 4.232390604775e-03
3.191034545898e+02 2.900767702553e-03
3.191044311523e+02 3.080031064415e-03
3.191054077148e+02 1.021172214374e-03
3.191063842773e+02 3.631445043910e-04
3.191073608398e+02 5.415448803630e-05
3.191083374023e+02 -2.440420266671e-03
3.191093139648e+02 -4.961382147884e-03
3.191102905273e+02 -4.511470055287e-03
3.191112670898e+02 -1.854535667767e-03
3.191122436523e+02 -1.815551248000e-03
3.191132202148e+02 -2.874710457968e-03
3.191141967773e+02 5.977591560089e-04
3.191151733398e+02 -4.383202999405e-04
3.191161499023e+02 4.494454180093e-04
3.191171264648e+02 3.016850137952e-03
3.191181030273e+02 -1.921683521947e-03
3.191190795898e+02 -1.601632551926e-03
3.191200561523e+02 -5.027994871538e-03
3.191210327148e+02 -3.632900887428e-03
3.191220092773e+02 5.161574728079e-04
3.191229858398e+02 4.331031051355e-03
3.191239624023e+02 -3.103181032708e-03
3.191249389648e+02 -3.987058828901e-03
3.191259155273e+02 2.067970612521e-03
3.191268920898e+02 4.085963443279e-03
3.191278686523e+02 3.188773068252e-03
3.191288452148e+02 2.635743981621e-03
3.191298217773e+02 2.356270425180e-03
3.191307983398e+02 5.314113154094e-04
3.191317749023e+02 -1.774309481019e-03
3.191327514648e+02 1.117168717995e-03
3.191337280273e+02 -7.368262164091e-04
3.191347045898e+02 -5.173199422502e-04
3.191356811523e+02 2.255264150927e-03
3.191366577148e+02 1.648795086973e-03
3.191376342773e+02 4.587469795682e-03
3.191386108398e+02 1.834442106594e-04
3.191395874023e+02 -5.129172091920e-03
3.191405639648e+02 -2.645187741988e-03
3.191415405273e+02 -2.552957417630e-03
3.191425170898e+02 -6.839759674694e-03
3.191434936523e+02 -3.123068957847e-03
3.191444702148e+02 -2.598707322529e-03
3.191454467773e+02 -1.784133638247e-03
3.191464233398e+02 1.422455974431e-03
3.191473999023e+02 3.546663542166e-05
3.191483764648e+02 -1.056976010935e-03
3.191493530273e+02 2.795689954031e-03
3.191503295898e+02 2.553568961315e-03
3.191513061523e+02 2.054363348309e-03
3.191522827148e+02 1.127256566184e-03
3.191532592773e+02 3.144198805424e-03
3.191542358398e+02 3.162724406737e-03
3.191552124023e+02 3.762846171768e-03
3.191561889648e+02 1.265324563283e-04
3.191571655273e+02 -2.537810446162e-03
3.191581420898e+02 3.422239942974e-03
3.191591186523e+02 -5.510141515189e-04
3.191600952148e+02 -1.715973935569e-03
3.191610717773e+02 -4.122202592187e-03
3.191620483398e+02 -6.225330529261e-04
3.191630249023e+02 7.404101991662e-05
3.191640014648e+02 -2.415067072183e-03
3.191649780273e+02 -9.533862328368e-04
3.191659545898e+02 4.042740358207e-04
3.191669311523e+02 -2.765079629625e-03
3.191679077148e+02 -3.657296175623e-04
3.191688842773e+02 -6.084636142772e-05
3.191698608398e+02 -2.682136663039e-03
3.191708374023e+02 -2.385571354687e-03
3.191718139648e+02 -2.994142674563e-03
3.191727905273e+02 2.857642547916e-03
3.191737670898e+02 1.958736274294e-03
3.191747436523e+02 8.839485469101e-05
3.191757202148e+02 4.504615997649e-03
3.191766967773e+02 1.666041691758e-03
3.191776733398e+02 -7.521205305663e-04
3.191786499023e+02 -3.454264044918e-05
3.191796264648e+02 2.322770467458e-03
3.191806030273e+02 7.994695685552e-04
3.191815795898e+02 -3.194574984650e-03
3.191825561523e+02 -3.577641657050e-03
3.191835327148e+02 1.400563783412e-04
3.191845092773e+02 1.605281786871e-03
3.191854858398e+02 -2.271242964858e-03
3.191864624023e+02 -8.913931673961e-04
3.191874389648e+02 -7.831516041800e-04
3.191884155273e+02 -4.524446225489e-03
3.191893920898e+02 -4.506424641076e-03
3.191903686523e+02 -3.995304535851e-03
3.191913452148e+02 -6.297760904940e-04
3.191923217773e+02 2.992039822595e-03
3.191932983398e+02 -8.896816795448e-04
3.191942749023e+02 -2.737593065591e-03
3.191952514648e+02 -4.271792137866e-03
3.191962280273e+02 1.246464192467e-03
3.191972045898e+02 5.864774267286e-04
3.191981811523e+02 -2.858865635285e-03
3.191991577148e+02 2.530971196554e-06
3.192001342773e+02 -1.537066532663e-03
3.192011108398e+02 -3.428562803992e-03
3.192020874023e+02 -2.595124844789e-03
3.192030639648e+02 -4.957121846092e-04
3.192040405273e+02 4.953943130235e-04
3.192050170898e+02 1.239796578167e-03
3.192059936523e+02 1.381743496721e-03
3.192069702148e+02 -2.813642397053e-03
3.192079467773e+02 -2.889300960446e-03
3.192089233398e+02 -3.569828203005e-03
3.192098999023e+02 -5.898038667440e-03
3.192108764648e+02 4.590446690202e-03
3.192118530273e+02 2.117451082906e-04
3.192128295898e+02 1.163988541219e-04
3.192138061523e+02 -2.818781032933e-03
3.192147827148e+02 -4.560100354781e-04
3.192157592773e+02 6.699847897228e-04
3.192167358398e+02 -5.128725772318e-03
3.192177124023e+02 -2.968893668999e-03
3.192186889648e+02 -1.597258166839e-03
3.192196655273e+02 -6.490302394149e-04
3.192206420898e+02 -1.835079280277e-03
3.192216186523e+02 -9.658611279530e-04
3.192225952148e+02 -2.236062394492e-03
3.192235717773e+02 -8.035638117993e-04
3.192245483398e+02 6.243179140987e-04
3.192255249023e+02 -1.467605064481e-03
3.192265014648e+02 -3.673090870797e-03
3.192274780273e+02 -4.633492689867e-03
3.192284545898e+02 4.879941278023e-04
3.192294311523e+02 -1.464904258689e-03
3.192304077148e+02 2.197231873925e-03
3.192313842773e+02 -3.471026585458e-04
3.192323608398e+02 -2.707082876993e-03
3.192333374023e+02 -1.756961429124e-03
3.192343139648e+02 -2.847116843986e-03
3.192352905273e+02 -6.259734927906e-04
3.192362670898e+02 1.446110317252e-03
3.192372436523e+02 -6.124120049486e-04
3.192382202148e+02 6.303567589709e-04
3.192391967773e+02 2.068831065214e-03
3.192401733398e+02 1.388852781459e-03
3.192411499023e+02 -1.723504446353e-04
3.192421264648e+02 2.452180353050e-04
3.192431030273e+02 2.230139361450e-03
3.192440795898e+02 1.677684148366e-03
3.192450561523e+02 -7.107314805009e-04
3.192460327148e+02 -1.769441748263e-04
3.192470092773e+02 3.119898705850e-03
3.192479858398e+02 -3.617554121181e-03
3.192489624023e+02 -2.689352640097e-03
3.192499389648e+02 4.380141108657e-04
3.192509155273e+02 2.822791710461e-03
3.192518920898e+02 -1.566812917504e-04
3.192528686523e+02 -1.436787673529e-03
3.192538452148e+02 2.190882071606e-03
3.192548217773e+02 5.335984483487e-03
3.192557983398e+02 1.413853354851e-03
3.192567749023e+02 -6.536875081603e-04
3.192577514648e+02 2.430362816852e-03
3.192587280273e+02 3.027362490441e-03
3.192597045898e+02 3.453188821778e-03
3.192606811523e+02 1.698644718743e-03
3.192616577148e+02 1.210106787938e-03
3.192626342773e+02 3.481237338430e-03
3.192636108398e+02 4.169623096148e-03
3.192645874023e+02 -3.338141599898e-03
3.192655639648e+02 -1.740644895260e-03
3.192665405273e+02 1.668778498757e-03
3.192675170898e+02 1.228687225527e-04
3.192684936523e+02 4.231143198710e-04
3.192694702148e+02 3.163971753197e-04
3.192704467773e+02 3.594625166921e-05
3.192714233398e+02 -2.477241052631e-05
3.192723999023e+02 -7.410616630634e-04
3.192733764648e+02 2.320251098213e-03
3.192743530273e+02 1.602175788685e-03
3.192753295898e+02 1.245385109926e-03
3.192763061523e+02 -1.192605432889e-03
3.192772827148e+02 -1.494601067365e-05
3.192782592773e+02 1.263514459542e-03
3.192792358398e+02 -4.768936860576e-04
3.192802124023e+02 2.683925458118e-04
3.192811889648e+02 1.913256616868e-03
3.192821655273e+02 -1.898838967868e-03
3.192831420898e+02 1.226167737073e-04
3.192841186523e+02 -3.643454724752e-03
3.192850952148e+02 -1.583003596154e-03
3.192860717773e+02 1.790495242286e-03
3.192870483398e+02 1.610236840436e-03
3.192880249023e+02 4.163380820614e-03
3.192890014648e+02 6.691148002863e-04
3.192899780273e+02 -8.197451027175e-04
3.192909545898e+02 -1.950485202926e-03
3.192919311523e+02 -7.672219640839e-04
3.192929077148e+02 1.404779381718e-03
3.192938842773e+02 1.340631906290e-03
3.192948608398e+02 8.185982496929e-04
3.192958374023e+02 9.688875539352e-04
3.192968139648e+02 -2.487009166589e-03
3.192977905273e+02 1.310120644808e-03
3.192987670898e+02 -1.527504039838e-03
3.192997436523e+02 -2.428743477786e-03
3.193007202148e+02 1.815091934586e-03
3.193016967773e+02 6.024024772668e-04
3.193026733398e+02 2.845385507787e-04
3.193036499023e+02 1.830520836037e-03
3.193046264648e+02 -4.723443255663e-03
3.193056030273e+02 -1.977876399524e-03
3.193065795898e+02 1.325689170146e-04
3.193075561523e+02 2.228537903778e-03
3.193085327148e+02 6.906470388388e-04
3.193095092773e+02 2.653870231795e-03
3.193104858398e+02 -1.340215150594e-03
3.193114624023e+02 4.880273871956e-04
3.193124389648e+02 1.312947931663e-03
3.193134155273e+02 -3.680010910780e-04
3.193143920898e+02 -1.477840732196e-03
3.193153686523e+02 2.133898597983e-03
3.193163452148e+02 -1.294124903158e-03
3.193173217773e+02 -4.674242360877e-04
3.193182983398e+02 2.427206631552e-03
3.193192749023e+02 1.162786837017e-04
3.193202514648e+02 9.175047118149e-04
3.193212280273e+02 -6.324939432155e-04
3.193222045898e+02 -4.098418907280e-03
3.193231811523e+02 7.217614397498e-04
3.193241577148e+02 -4.019637298772e-04
3.193251342773e+02 -5.359110609921e-03
3.193261108398e+02 -2.149278504414e-03
3.193270874023e+02 -5.019435524932e-04
3.193280639648e+02 4.842193654694e-04
3.193290405273e+02 -1.122112208258e-03
3.193300170898e+02 1.015547562198e-03
3.193309936523e+02 3.636666709064e-04
3.193319702148e+02 -2.301611055976e-03
3.193329467773e+02 3.304047264630e-03
3.193339233398e+02 3.666081602657e-03
3.193348999023e+02 -4.075310900659e-03
3.193358764648e+02 -2.194952353782e-03
3.193368530273e+02 -2.334578624986e-03
3.193378295898e+02 -1.338673893616e-03
3.193388061523e+02 -3.052950050403e-03
3.193397827148e+02 -2.776404989508e-03
3.193407592773e+02 1.209228811479e-03
3.193417358398e+02 -1.368454282909e-03
3.193427124023e+02 -1.496979069287e-03
3.193436889648e+02 2.729471336308e-03
3.193446655273e+02 5.294982222881e-05
3.193456420898e+02 -7.490650175161e-05
3.193466186523e+02 1.272147954329e-03
3.193475952148e+02 2.370146387143e-03
3.193485717773e+02 -1.759440744046e-03
3.193495483398e+02 3.398782414699e-03
3.193505249023e+02 5.359824912018e-03
3.193515014648e+02 2.061372139612e-03
3.193524780273e+02 3.137344270949e-03
3.193534545898e+02 -6.886886089324e-04
3.193544311523e+02 1.212309060458e-03
3.193554077148e+02 -1.626519638069e-03
3.193563842773e+02 -1.658737440217e-04
3.193573608398e+02 1.246865808582e-03
3.193583374023e+02 4.664222938824e-03
3.193593139648e+02 5.100671533620e-03
3.193602905273e+02 3.081483033631e-03
3.193612670898e+02 -7.676516539885e-04
3.193622436523e+02 6.751934759644e-05
3.193632202148e+02 -2.411158437812e-03
3.193641967773e+02 -2.179959639141e-03
3.193651733398e+02 -2.895331520272e-03
3.193661499023e+02 -9.601884344310e-04
3.193671264648e+02 -8.232160005570e-04
3.193681030273e+02 -3.298406161572e-04
3.193690795898e+02 4.235342703762e-03
3.193700561523e+02 4.138266283135e-03
3.193710327148e+02 7.598196867395e-03
3.193719787598e+02 2.237695084999e-03
3.193729553223e+02 4.022018504444e-04
3.193739318848e+02 3.943452307131e-03
3.193749084473e+02 5.531841540825e-03
3.193758850098e+02 4.498864387574e-03
3.193768615723e+02 1.900813312215e-03
3.193778381348e+02 4.629384737554e-03
3.193788146973e+02 3.660774404834e-03
3.193797912598e+02 2.750291954973e-03
3.193807678223e+02 1.467275808408e-03
3.193817443848e+02 1.674938281460e-03
3.193827209473e+02 8.629743270685e-04
3.193836975098e+02 3.781787575103e-03
3.193846740723e+02 2.232549058143e-03
3.193856506348e+02 3.364118199395e-04
3.193866271973e+02 -4.188493927580e-03
3.193876037598e+02 -2.131577354586e-03
3.193885803223e+02 1.497427534655e-03
3.193895568848e+02 -4.557039954149e-04
3.193905334473e+02 2.854082243106e-03
3.193915100098e+02 2.479612229821e-03
3.193924865723e+02 -2.687399515004e-04
3.193934631348e+02 2.003216689605e-04
3.193944396973e+02 3.119515805594e-03
3.193954162598e+02 -1.312278333051e-03
3.193963928223e+02 2.113672356864e-03
3.193973693848e+02 -6.969727012754e-04
3.193983459473e+02 6.467760512471e-04
3.193993225098e+02 1.534713221966e-03
3.194002990723e+02 1.905137987027e-03
3.194012756348e+02 1.334974113930e-03
3.194022521973e+02 7.042371965163e-04
3.194032287598e+02 -1.819343295681e-03
3.194042053223e+02 8.003112457840e-04
3.194051818848e+02 2.271805632731e-03
3.194061584473e+02 7.878598945037e-04
3.194071350098e+02 1.219603626244e-04
3.194081115723e+02 1.377713268868e-03
3.194090881348e+02 1.086451105223e-03
3.194100646973e+02 2.948435923429e-03
3.194110412598e+02 3.663147385065e-03
3.194120178223e+02 3.549545695099e-03
3.194129943848e+02 6.262767135539e-03
3.194139709473e+02 5.611793307775e-03
3.194149475098e+02 1.438919254937e-03
3.194159240723e+02 3.655465061244e-03
3.194169006348e+02 3.466364548341e-03
3.194178771973e+02 4.873745672927e-03
3.194188537598e+02 5.957377239900e-03
3.194198303223e+02 1.972785804991e-03
3.194208068848e+02 8.301455176784e-04
3.194217834473e+02 2.797172440827e-03
3.194227600098e+02 3.993110846401e-03
3.194237365723e+02 2.641929036694e-03
3.194247131348e+02 5.224790344447e-03
3.194256896973e+02 4.545596338646e-03
3.194266662598e+02 2.494951605091e-03
3.194276428223e+02 6.484586070025e-03
3.194286193848e+02 8.965859839002e-03
3.194295959473e+02 5.178116567511e-03
3.194305725098e+02 6.844935742292e-03
3.194315490723e+02 3.929398246481e-03
3.194325256348e+02 2.639582520927e-03
3.194335021973e+02 5.895130437474e-03
3.194344787598e+02 8.167910010147e-03
3.194354553223e+02 5.317110314195e-03
3.194364318848e+02 8.794563711176e-03
3.194374084473e+02 9.236060581206e-03
3.194383850098e+02 7.825404062025e-03
3.194393615723e+02 9.957925315811e-03
3.194403381348e+02 4.942106004849e-03
3.194413146973e+02 7.735891232761e-03
3.194422912598e+02 8.880698625851e-03
3.194432678223e+02 1.041786243330e-02
3.194442443848e+02 1.299770798430e-02
3.194452209473e+02 1.169830473197e-02
3.194461975098e+02 8.422418040729e-03
3.194471740723e+02 1.164230115875e-02
3.194481506348e+02 8.823089065009e-03
3.194491271973e+02 9.713024600748e-03
3.194501037598e+02 8.841350021687e-03
3.194510803223e+02 1.254993879799e-02
3.194520568848e+02 1.214539013376e-02
3.194530334473e+02 1.198754558281e-02
3.194540100098e+02 1.112965255195e-02
3.194549865723e+02 1.095184855028e-02
3.194559631348e+02 1.291130508713e-02
3.194569396973e+02 1.008178568089e-02
3.194579162598e+02 1.070733121231e-02
3.194588928223e+02 1.702790150458e-02
3.194598693848e+02 1.509018302113e-02
3.194608459473e+02 1.557020070598e-02
3.194618225098e+02 1.521364856502e-02
3.194627990723e+02 1.846648113224e-02
3.194637756348e+02 1.795420731945e-02
3.194647521973e+02 1.972135637495e-02
3.194657287598e+02 2.037482549168e-02
3.194667053223e+02 2.160816104525e-02
3.194676818848e+02 2.204101476454e-02
3.194686584473e+02 1.889767355079e-02
3.194696350098e+02 2.249730026290e-02
3.194706115723e+02 2.430317421952e-02
3.194715881348e+02 2.273163712706e-02
3.194725646973e+02 2.538526464873e-02
3.194735412598e+02 2.890363067583e-02
3.194745178223e+02 2.833041325663e-02
3.194754943848e+02 3.072537758853e-02
3.194764709473e+02 3.183129271064e-02
3.194774475098e+02 3.509315657406e-02
3.194784240723e+02 3.637181645535e-02
3.194794006348e+02 3.669991858275e-02
3.194803771973e+02 3.975515554427e-02
3.194813537598e+02 4.065729715817e-02
3.194823303223e+02 4.022468757952e-02
3.194833068848e+02 4.068493464117e-02
3.194842834473e+02 4.576719882910e-02
3.194852600098e+02 4.261513340228e-02
3.194862365723e+02 4.419905300266e-02
3.194872131348e+02 4.561525180040e-02
3.194881896973e+02 4.405779094151e-02
3.194891662598e+02 4.821822586202e-02
3.194901428223e+02 4.928350301223e-02
3.194911193848e+02 5.221287021679e-02
3.194920959473e+02 5.397308224498e-02
3.194930725098e+02 5.348274484986e-02
3.194940490723e+02 5.416242475275e-02
3.194950256348e+02 6.141598420983e-02
3.194960021973e+02 6.305367960011e-02
3.194969787598e+02 6.342328563574e-02
3.194979553223e+02 6.488029025206e-02
3.194989318848e+02 6.920104546217e-02
3.194999084473e+02 7.039009428573e-02
3.195008850098e+02 7.215474280705e-02
3.195018615723e+02 6.999074886882e-02
3.195028381348e+02 6.824076404448e-02
3.195038146973e+02 7.055616332438e-02
3.195047912598e+02 6.842541065970e-02
3.195057678223e+02 6.783378923267e-02
3.195067443848e+02 7.001326321315e-02
3.195077209473e+02 6.969871852047e-02
3.195086975098e+02 7.414580125123e-02
3.195096740723e+02 7.655400449061e-02
3.195106506348e+02 7.321192516927e-02
3.195116271973e+02 7.765295778988e-02
3.195126037598e+02 7.361544386520e-02
3.195135803223e+02 7.106244234013e-02
3.195145568848e+02 7.180395085923e-02
3.195155334473e+02 7.729339966733e-02
3.195165100098e+02 7.374474684986e-02
3.195174865723e+02 7.254159890453e-02
3.195184631348e+02 7.090465119494e-02
3.195194396973e+02 7.207374152146e-02
3.195204162598e+02 7.214803656894e-02
3.195213928223e+02 7.290968669056e-02
3.195223693848e+02 7.330226483421e-02
3.195233459473e+02 6.869295065044e-02
3.195243225098e+02 7.090196564794e-02
3.195252990723e+02 6.856134358852e-02
3.195262756348e+02 6.989251278017e-02
3.195272521973e+02 7.120886568693e-02
3.195282287598e+02 7.043566466143e-02
3.195292053223e+02 6.809832324182e-02
3.195301818848e+02 7.114060549081e-02
3.195311584473e+02 7.192079504203e-02
3.195321350098e+02 7.119304995131e-02
3.195331115723e+02 6.903243583502e-02
3.195340881348e+02 6.914464134572e-02
3.195350646973e+02 6.555422522059e-02
3.195360412598e+02 6.482026217304e-02
3.195370178223e+02 6.539124608687e-02
3.195379943848e+02 6.387089460475e-02
3.195389709473e+02 6.052394010007e-02
3.195399475098e+02 6.093833449842e-02
3.195409240723e+02 6.036794567738e-02
3.195419006348e+02 6.127712922276e-02
3.195428771973e+02 6.227666006247e-02
3.195438537598e+02 6.802497423931e-02
3.195448303223e+02 7.319980969018e-02
3.195458068848e+02 6.788880479925e-02
3.195467834473e+02 7.153321415204e-02
3.195477600098e+02 6.723288283206e-02
3.195487365723e+02 6.610187844485e-02
3.195497131348e+02 6.889468711021e-02
3.195506896973e+02 6.541698003585e-02
3.195516662598e+02 6.625784616466e-02
3.195526428223e+02 6.385110013970e-02
3.195536193848e+02 6.173451144664e-02
3.195545959473e+02 6.071613600154e-02
3.195555725098e+02 6.633801584620e-02
3.195565490723e+02 6.401011198807e-02
3.195575256348e+02 6.331697383259e-02
3.195585021973e+02 6.426199646048e-02
3.195594787598e+02 6.555163885572e-02
3.195604553223e+02 6.804124773862e-02
3.195614318848e+02 6.275253975427e-02
3.195624084473e+02 6.533282018078e-02
3.195633850098e+02 7.001337765407e-02
3.195643615723e+02 6.692100079821e-02
3.195653381348e+02 6.818280353148e-02
3.195663146973e+02 6.257360755583e-02
3.195672912598e+02 6.061862470540e-02
3.195682678223e+02 6.326572337239e-02
3.195692443848e+02 6.602129677598e-02
3.195702209473e+02 6.257291328089e-02
3.195711975098e+02 6.264400016781e-02
3.195721740723e+02 6.242881308484e-02
3.195731506348e+02 6.299232400638e-02
3.195741271973e+02 6.025477504823e-02
3.195751037598e+02 6.061350156673e-02
3.195760803223e+02 5.583637121288e-02
3.195770568848e+02 5.836723223396e-02
3.195780334473e+02 5.653356820644e-02
3.195790100098e+02 5.757038008430e-02
3.195799865723e+02 6.065583326430e-02
3.195809631348e+02 6.010733699191e-02
3.195819396973e+02 5.703433498438e-02
3.195829162598e+02 5.593661001769e-02
3.195838928223e+02 6.043259335501e-02
3.195848693848e+02 5.954372688823e-02
3.195858459473e+02 5.907818121182e-02
3.195868225098e+02 5.457734176465e-02
3.195877990723e+02 5.711774715875e-02
3.195887756348e+02 5.624025993445e-02
3.195897521973e+02 5.596920279267e-02
3.195907287598e+02 5.602337149642e-02
3.195917053223e+02 5.332583871448e-02
3.195926818848e+02 5.607652167594e-02
3.195936584473e+02 5.183595903556e-02
3.195946350098e+02 4.778547513956e-02
3.195956115723e+02 4.971068427641e-02
3.195965881348e+02 5.163802964384e-02
3.195975646973e+02 5.015505075260e-02
3.195985412598e+02 5.209610995734e-02
3.195995178223e+02 4.593014744524e-02
3.196004943848e+02 4.628259115705e-02
3.196014709473e+02 4.477598784452e-02
3.196024475098e+02 4.849975434829e-02
3.196034240723e+02 4.861986772680e-02
3.196044006348e+02 4.475139067538e-02
3.196053771973e+02 4.012855338916e-02
3.196063537598e+02 4.579012516075e-02
3.196073303223e+02 4.404469508517e-02
3.196083068848e+02 4.581161335147e-02
3.196092834473e+02 4.778287733060e-02
3.196102600098e+02 4.667531425919e-02
3.196112365723e+02 4.262957966152e-02
3.196122131348e+02 4.019162941144e-02
3.196131896973e+02 4.164805037906e-02
3.196141662598e+02 3.838636580641e-02
3.196151428223e+02 4.088450053810e-02
3.196161193848e+02 4.015775108342e-02
3.196170959473e+02 4.078114131078e-02
3.196180725098e+02 4.061522104533e-02
3.196190490723e+02 3.581318071715e-02
3.196200256348e+02 3.705803856436e-02
3.196210021973e+02 3.995502661700e-02
3.196219787598e+02 3.904541582550e-02
3.196229553223e+02 3.930336948156e-02
3.196239318848e+02 3.656099874583e-02
3.196249084473e+02 3.730887780967e-02
3.196258850098e+02 4.112477307149e-02
3.196268615723e+02 4.007189750268e-02
3.196278381348e+02 3.644726735615e-02
3.196288146973e+02 3.474569104242e-02
3.196297912598e+02 3.850522033476e-02
3.196307678223e+02 3.780799282362e-02
3.196317443848e+02 3.319755330409e-02
3.196327209473e+02 3.402316064311e-02
3.196336975098e+02 3.416063470970e-02
3.196346740723e+02 3.509564375680e-02
3.196356506348e+02 3.111880450236e-02
3.196366271973e+02 3.326931920716e-02
3.196376037598e+02 3.361098258398e-02
3.196385803223e+02 3.136843258123e-02
3.196395568848e+02 3.084646943693e-02
3.196405334473e+02 3.138842159585e-02
3.196415100098e+02 3.092853693045e-02
3.196424865723e+02 2.986574314828e-02
3.196434631348e+02 2.734089218302e-02
3.196444396973e+02 2.229812155776e-02
3.196454162598e+02 2.468900607074e-02
3.196463928223e+02 2.630467539796e-02
3.196473693848e+02 2.669206555308e-02
3.196483459473e+02 2.210507688612e-02
3.196493225098e+02 2.428814431158e-02
3.196502990723e+02 2.075320342408e-02
3.196512756348e+02 2.223269377450e-02
3.196522521973e+02 2.452912256400e-02
3.196532287598e+02 2.143000704509e-02
3.196542053223e+02 2.209494314235e-02
3.196551818848e+02 2.045670034298e-02
3.196561584473e+02 2.177561863377e-02
3.196571350098e+02 2.156140811335e-02
3.196581115723e+02 1.892337316749e-02
3.196590881348e+02 2.468566248842e-02
3.196600646973e+02 2.476018832509e-02
3.196610412598e+02 2.528350950168e-02
3.196620178223e+02 2.068294051181e-02
3.196629943848e+02 2.162475879384e-02
3.196639709473e+02 2.297773470344e-02
3.196649475098e+02 2.257938492256e-02
3.196659240723e+02 2.266128838409e-02
3.196669006348e+02 2.301436533568e-02
3.196678771973e+02 2.332885280789e-02
3.196688537598e+02 2.132673174111e-02
3.196698303223e+02 1.788332833354e-02
3.196708068848e+02 1.381438416292e-02
3.196717834473e+02 1.987814425471e-02
3.196727600098e+02 2.290432275843e-02
3.196737365723e+02 1.833635608028e-02
3.196747131348e+02 1.639209252968e-02
3.196756896973e+02 1.727818380407e-02
3.196766662598e+02 1.740373503379e-02
3.196776428223e+02 1.764454162481e-02
3.196786193848e+02 1.965705583478e-02
3.196795959473e+02 1.665345461790e-02
3.196805725098e+02 2.192274388490e-02
3.196815490723e+02 2.162443072986e-02
3.196825256348e+02 2.080452254883e-02
3.196835021973e+02 2.147287852235e-02
3.196844787598e+02 2.090622429011e-02
3.196854553223e+02 2.097404198132e-02
3.196864318848e+02 1.800588693311e-02
3.196874084473e+02 1.910868163271e-02
3.196883850098e+02 1.870961850341e-02
3.196893615723e+02 2.196444234269e-02
3.196903381348e+02 2.323130717948e-02
3.196913146973e+02 2.084964279023e-02
3.196922912598e+02 2.081877807319e-02
3.196932678223e+02 1.982539080372e-02
3.196942443848e+02 2.237650786825e-02
3.196952209473e+02 1.853473179161e-02
3.196961975098e+02 2.250367462233e-02
3.196971740723e+02 2.238400374873e-02
3.196981506348e+02 2.142757326812e-02
3.196991271973e+02 2.080752662307e-02
3.197001037598e+02 2.089167694140e-02
3.197010803223e+02 2.222279081993e-02
3.197020568848e+02 2.283700669993e-02
3.197030334473e+02 2.491998600114e-02
3.197040100098e+02 2.467048952933e-02
3.197049865723e+02 2.623171930929e-02
3.197059631348e+02 2.572742965827e-02
3.197069396973e+02 2.542870070121e-02
3.197079162598e+02 2.634222537228e-02
3.197088928223e+02 2.496001552880e-02
3.197098693848e+02 2.934317346709e-02
3.197108459473e+02 3.020724440047e-02
3.197118225098e+02 3.004590558665e-02
3.197127990723e+02 3.140623623293e-02
3.197137756348e+02 2.978127048802e-02
3.197147521973e+02 3.272449648841e-02
3.197157287598e+02 2.983365200601e-02
3.197167053223e+02 3.322692647443e-02
3.197176818848e+02 3.334688345035e-02
3.197186584473e+02 3.807887067462e-02
3.197196350098e+02 3.521867156415e-02
3.197206115723e+02 3.368501823203e-02
3.197215881348e+02 3.636676961063e-02
3.197225646973e+02 3.759068858356e-02
3.197235412598e+02 3.787049282658e-02
3.197245178223e+02 3.936306949660e-02
3.197254943848e+02 3.871635620905e-02
3.197264709473e+02 3.886167329358e-02
3.197274475098e+02 4.434776516793e-02
3.197284240723e+02 4.514164566828e-02
3.197294006348e+02 4.837160340226e-02
3.197303771973e+02 4.407296962265e-02
3.197313537598e+02 4.660352165325e-02
3.197323303223e+02 5.124465804312e-02
3.197333068848e+02 4.810803832627e-02
3.197342834473e+02 5.058430339750e-02
3.197352600098e+02 5.236891423055e-02
3.197362365723e+02 5.170119721886e-02
3.197372131348e+02 5.155836350236e-02
3.197381896973e+02 5.141734939654e-02
3.197391662598e+02 5.774108779504e-02
3.197401428223e+02 5.077818920993e-02
3.197411193848e+02 4.987937019751e-02
3.197420959473e+02 5.615474204709e-02
3.197430725098e+02 5.920880789650e-02
3.197440490723e+02 5.546343113169e-02
3.197450256348e+02 5.965816399694e-02
3.197460021973e+02 5.988415048839e-02
3.197469787598e+02 5.560504414500e-02
3.197479553223e+02 5.603930167295e-02
3.197489318848e+02 5.890399449701e-02
3.197499084473e+02 5.726455578999e-02
3.197508850098e+02 5.138111358549e-02
3.197518615723e+02 5.323425164348e-02
3.197528381348e+02 5.278819525633e-02
3.197538146973e+02 5.390997189042e-02
3.197547912598e+02 5.770376098053e-02
3.197557678223e+02 5.567459752355e-02
3.197567443848e+02 5.505589937405e-02
3.197577209473e+02 5.194086321535e-02
3.197586975098e+02 5.503903459664e-02
3.197596740723e+02 5.230169926154e-02
3.197606506348e+02 5.392647045688e-02
3.197616271973e+02 5.515350222292e-02
3.197626037598e+02 4.942336126472e-02
3.197635803223e+02 4.964402625323e-02
3.197645568848e+02 4.732588039117e-02
3.197655334473e+02 4.898990100854e-02
3.197665100098e+02 4.704556116399e-02
3.197674865723e+02 3.936675067963e-02
3.197684631348e+02 3.551816727540e-02
3.197694396973e+02 3.843016234780e-02
3.197704162598e+02 3.577688005624e-02
3.197713928223e+02 3.287567676293e-02
3.197723693848e+02 3.423730631368e-02
3.197733459473e+02 3.555414368702e-02
3.197743225098e+02 3.262579119198e-02
3.197752990723e+02 2.903394837001e-02
3.197762756348e+02 2.736668144511e-02
3.197772521973e+02 2.687448819969e-02
3.197782287598e+02 2.958017871211e-02
3.197792053223e+02 2.865035574619e-02
3.197801818848e+02 2.722226081447e-02
3.197811584473e+02 2.352999608221e-02
3.197821350098e+02 2.445430490297e-02
3.197831115723e+02 1.997309398151e-02
3.197840881348e+02 1.761178672519e-02
3.197850646973e+02 2.078830054794e-02
3.197860412598e+02 1.907277197830e-02
3.197870178223e+02 1.634986001425e-02
3.197879943848e+02 2.286590494044e-02
3.197889709473e+02 1.965218065145e-02
3.197899475098e+02 1.946359536112e-02
3.197909240723e+02 1.658288271513e-02
3.197919006348e+02 1.474179719373e-02
3.197928771973e+02 1.758816802594e-02
3.197938537598e+02 1.519803596204e-02
3.197948303223e+02 1.359783237194e-02
3.197958068848e+02 1.278046859410e-02
3.197967834473e+02 1.464467690408e-02
3.197977600098e+02 1.147050149086e-02
3.197987365723e+02 1.769651497018e-02
3.197997131348e+02 1.270412886879e-02
3.198006896973e+02 7.983942887914e-03
3.198016662598e+02 1.205924282132e-02
3.198026428223e+02 1.195132216952e-02
3.198036193848e+02 1.044592811609e-02
3.198045959473e+02 5.968505666027e-03
3.198055725098e+02 8.660703116745e-03
3.198065490723e+02 1.114145141115e-02
3.198075256348e+02 9.744555936169e-03
3.198085021973e+02 9.007501076332e-03
3.198094787598e+02 1.291238846121e-02
3.198104553223e+02 7.453833457218e-03
3.198114318848e+02 8.047325516505e-03
3.198124084473e+02 7.372822158052e-03
3.198133850098e+02 4.159180838725e-03
3.198143615723e+02 2.087270120579e-03
3.198153381348e+02 3.971196840080e-03
3.198163146973e+02 7.745912442954e-03
3.198172912598e+02 6.911306232658e-03
3.198182678223e+02 1.199665031194e-02
3.198192443848e+02 8.772159993071e-03
3.198202209473e+02 1.102016739736e-03
3.198211975098e+02 3.013527298057e-03
3.198221740723e+02 4.791940439855e-03
3.198231506348e+02 3.979043672729e-03
3.198241271973e+02 2.040330983751e-03
3.198251037598e+02 6.757409416724e-03
3.198260803223e+02 8.251263056709e-03
3.198270568848e+02 5.290831817158e-03
3.198280334473e+02 3.379230659772e-03
3.198290100098e+02 2.279155124199e-03
3.198299865723e+02 2.002540921913e-03
3.198309631348e+02 5.046766640046e-04
3.198319396973e+02 -5.313316836002e-04
3.198329162598e+02 6.662652332145e-03
3.198338928223e+02 3.398331565144e-03
3.198348693848e+02 5.761827742544e-03
3.198358459473e+02 1.903110236915e-04
3.198368225098e+02 6.093139461009e-03
3.198377990723e+02 5.719867024304e-03
3.198387756348e+02 1.819974389690e-03
3.198397521973e+02 1.649667460595e-03
3.198407287598e+02 2.337815872606e-04
3.198417053223e+02 4.437615128531e-03
3.198426818848e+02 4.496213649685e-03
3.198436584473e+02 3.352571646665e-03
3.198446350098e+02 -3.799551190601e-03
3.198456115723e+02 9.218842229024e-06
3.198465881348e+02 4.863315813270e-03
3.198475646973e+02 2.011391019990e-03
3.198485412598e+02 8.154359847188e-04
3.198495178223e+02 9.060191793432e-05
3.198504943848e+02 1.984104846781e-03
3.198514709473e+02 2.796487225798e-03
3.198524475098e+02 -1.028598715047e-03
3.198534240723e+02 2.653111583841e-03
3.198544006348e+02 5.800667308116e-05
3.198553771973e+02 6.093917182451e-03
3.198563537598e+02 2.209034309407e-03
3.198573303223e+02 3.321298041741e-03
3.198583068848e+02 2.346049658627e-03
3.198592834473e+02 1.563491180295e-03
3.198602600098e+02 1.011552381878e-03
3.198612365723e+02 -1.256869137381e-03
3.198622131348e+02 -6.739216170926e-04
3.198631896973e+02 9.474189135417e-04
3.198641662598e+02 1.991037582553e-03
3.198651428223e+02 -1.845626561089e-03
3.198661193848e+02 -4.102092937759e-03
3.198670959473e+02 5.083994630057e-03
3.198680725098e+02 4.659594757147e-03
3.198690490723e+02 1.542441560574e-03
3.198700256348e+02 4.545302532437e-05
3.198710021973e+02 9.706191285528e-04
3.198719787598e+02 9.009490441050e-03
3.198729553223e+02 5.770453727146e-03
3.198739318848e+02 3.974360177938e-03
3.198749084473e+02 -1.443924376406e-04
3.198758850098e+02 3.310390391229e-03
3.198768615723e+02 2.983155869079e-03
3.198778381348e+02 9.355888811080e-04
3.198788146973e+02 3.240892445003e-04
3.198797912598e+02 5.146280771550e-04
3.198807678223e+02 1.093917064173e-03
3.198817443848e+02 7.230605826490e-04
3.198827209473e+02 1.641504604106e-03
3.198836975098e+02 4.461383554647e-03
3.198846740723e+02 3.450442954872e-03
3.198856506348e+02 -2.518515706476e-03
3.198866271973e+02 -3.624584250947e-04
3.198876037598e+02 -2.085655549884e-03
3.198885803223e+02 -2.718366275203e-03
3.198895568848e+02 2.993595265479e-03
3.198905334473e+02 -7.820291294562e-04
3.198915100098e+02 -1.155594284586e-03
3.198924865723e+02 5.661778718932e-04
3.198934631348e+02 -2.914620299494e-03
3.198944396973e+02 4.304182435864e-04
3.198954162598e+02 -3.513000416721e-03
3.198963928223e+02 -5.730005774861e-04
3.198973693848e+02 -3.090292362128e-03
3.198983459473e+02 1.660668571195e-03
3.198993225098e+02 3.761094987221e-03
3.199002990723e+02 2.133893471983e-04
3.199012756348e+02 8.423507613688e-04
3.199022521973e+02 2.842995778651e-03
3.199032287598e+02 -8.938584752258e-04
3.199042053223e+02 -6.433234520345e-03
3.199051818848e+02 4.158270556547e-04
3.199061584473e+02 4.864440195343e-03
3.199071350098e+02 -2.822638407307e-03
3.199081115723e+02 -3.328501144195e-03
3.199090881348e+02 -3.254538929073e-03
3.199100646973e+02 -1.650088984663e-03
3.199110412598e+02 -1.072740724971e-03
3.199120178223e+02 -3.355922381535e-03
3.199129943848e+02 1.212412534126e-03
3.199139709473e+02 2.889481681738e-03
3.199149475098e+02 -3.470032677959e-04
3.199159240723e+02 3.277687705273e-03
3.199169006348e+02 4.631333094275e-03
3.199178771973e+02 -7.793423903607e-05
3.199188537598e+02 -1.428920575301e-03
3.199198303223e+02 4.861355058783e-03
3.199208068848e+02 1.613630848280e-03
3.199217834473e+02 -1.236943542104e-03
3.199227600098e+02 -4.124507801933e-04
3.199237365723e+02 -1.861146061605e-03
3.199247131348e+02 -2.146192414179e-03
3.199256896973e+02 -4.148149210546e-03
3.199266662598e+02 4.073637619387e-04
3.199276428223e+02 -5.256732951937e-04
3.199286193848e+02 -1.670925547571e-04
3.199295959473e+02 5.007249116311e-03
3.199305725098e+02 9.848511090757e-04
3.199315490723e+02 4.111873106757e-04
3.199325256348e+02 -5.824085750643e-04
3.199335021973e+02 -1.933017226480e-03
3.199344787598e+02 6.094166925924e-05
3.199354553223e+02 -6.350967232044e-03
3.199364318848e+02 -7.258063303457e-04
3.199374084473e+02 -7.909757870620e-04
3.199383850098e+02 1.667020400072e-03
3.199393615723e+02 1.255000889306e-04
3.199403381348e+02 -2.889157432455e-03
3.199413146973e+02 -2.773031366453e-03
3.199422912598e+02 2.477189867139e-04
3.199432678223e+02 -9.318233574955e-04
3.199442443848e+02 2.479529736988e-03
3.199452209473e+02 2.813795223370e-03
3.199461975098e+02 -3.996388505973e-04
3.199471740723e+02 -3.979882906167e-03
3.199481506348e+02 -4.006329249891e-03
3.199491271973e+02 -4.264555179972e-03
3.199501037598e+02 -7.946083923104e-03
3.199510803223e+02 -4.665820343380e-03
3.199520568848e+02 3.065252688087e-03
3.199530334473e+02 8.974975177761e-04
3.199540100098e+02 -4.165696818801e-03
3.199549865723e+02 -6.953157278347e-03
3.199559631348e+02 -4.116605000521e-03
3.199569396973e+02 -2.895900148610e-03
3.199579162598e+02 -3.939594217501e-03
3.199588928223e+02 -1.683688839775e-03
3.199598693848e+02 2.242663013168e-03
3.199608459473e+02 9.957040425212e-04
3.199618225098e+02 -1.127697998204e-03
3.199627990723e+02 -1.424821802104e-03
3.199637756348e+02 2.815223827564e-03
3.199647521973e+02 2.691452869460e-03
3.199657287598e+02 2.081202844289e-03
3.199667053223e+02 -7.505125879088e-03
3.199676818848e+02 -7.050611830858e-03
3.199686584473e+02 -1.334355513055e-02
3.199696350098e+02 -1.037653209381e-02
3.199706115723e+02 -4.239947997255e-03
3.199715881348e+02 2.217212305477e-03
3.199725646973e+02 1.117242198604e-02
3.199735412598e+02 1.800901498502e-02
3.199745178223e+02 1.760056579265e-02
3.199754943848e+02 2.069755461772e-02
3.199764709473e+02 2.240969382869e-02
3.199774475098e+02 2.855851118312e-02
3.199784240723e+02 2.393870085932e-02
3.199794006348e+02 1.276552928522e-02
3.199803771973e+02 -1.112849383760e-02
3.199813537598e+02 -6.973084780972e-03
3.199823303223e+02 1.594009093656e-02
3.199833068848e+02 1.989881419282e-02
3.199842834473e+02 1.865743916438e-02
3.199852600098e+02 2.104797272519e-02
3.199862060547e+02 1.546838547745e-02
3.199871826172e+02 1.486792635011e-02
3.199881591797e+02 1.021315813891e-02
3.199891357422e+02 -2.230583386272e-04
3.199901123047e+02 -9.442636819160e-04
3.199910888672e+02 -3.785790146399e-03
3.199920654297e+02 -1.526407981894e-02
3.199930419922e+02 -9.978594300252e-03
3.199940185547e+02 -5.311982407152e-03
3.199949951172e+02 -1.031805182828e-02
3.199959716797e+02 -1.732281081701e-04
3.199969482422e+02 -7.933034081557e-04
3.199979248047e+02 -4.672363026338e-03
3.199989013672e+02 1.303245606334e-03
3.199998779297e+02 -1.962864372978e-03
3.200008544922e+02 2.623601561229e-03
3.200018310547e+02 -4.069711878482e-03
3.200028076172e+02 -3.905589527623e-03
3.200037841797e+02 -1.427834548819e-04
3.200047607422e+02 -3.610633067919e-03
3.200057373047e+02 -2.300818075744e-03
3.200067138672e+02 -8.632917814216e-04
3.200076904297e+02 -3.067811873237e-03
3.200086669922e+02 -8.910193866510e-03
3.200096435547e+02 -4.590629318843e-03
3.200106201172e+02 -4.497132514933e-03
3.200115966797e+02 -6.466077277223e-04
3.200125732422e+02 3.842156413896e-04
3.200135498047e+02 -2.329330793392e-03
3.200145263672e+02 -3.726597009279e-03
3.200155029297e+02 -2.579156759695e-03
3.200164794922e+02 -7.104646900983e-04
3.200174560547e+02 -2.164746148886e-03
3.200184326172e+02 -1.608208494278e-03
3.200194091797e+02 -5.394636887243e-03
3.200203857422e+02 -1.931020113157e-03
3.200213623047e+02 1.216541824903e-03
3.200223388672e+02 6.126396947025e-03
3.200233154297e+02 4.160597998826e-03
3.200242919922e+02 -6.618810014389e-03
3.200252685547e+02 -2.630102044097e-03
3.200262451172e+02 9.312826837370e-04
3.200272216797e+02 3.000163220808e-03
3.200281982422e+02 4.593807081025e-04
3.200291748047e+02 -2.154272181790e-03
3.200301513672e+02 -9.803596604600e-04
3.200311279297e+02 5.972103164138e-04
3.200321044922e+02 3.291811503360e-04
3.200330810547e+02 -9.877856842960e-04
3.200340576172e+02 -3.141034752310e-03
3.200350341797e+02 -8.641333990458e-03
3.200360107422e+02 -1.518588019021e-03
3.200369873047e+02 5.456426879650e-03
3.200379638672e+02 1.502307843992e-03
3.200389404297e+02 -1.692296227726e-03
3.200399169922e+02 -2.937414785668e-04
3.200408935547e+02 -2.954682013661e-03
3.200418701172e+02 -4.572121420110e-04
3.200428466797e+02 6.222726163789e-03
3.200438232422e+02 3.071419623347e-03
3.200447998047e+02 -3.204177174171e-04
3.200457763672e+02 -2.125417989116e-04
3.200467529297e+02 2.619702463602e-03
3.200477294922e+02 1.015299368445e-03
3.200487060547e+02 3.223356876887e-03
3.200496826172e+02 9.375896303142e-04
3.200506591797e+02 3.084657815581e-03
3.200516357422e+02 -1.039674093037e-03
3.200526123047e+02 -7.073908188165e-03
3.200535888672e+02 -1.330208483935e-03
3.200545654297e+02 -2.781453860788e-04
3.200555419922e+02 5.307962669717e-03
3.200565185547e+02 -1.297284426318e-03
3.200574951172e+02 3.020539188802e-03
3.200584716797e+02 1.242896019842e-03
3.200594482422e+02 -8.781162917464e-04
3.200604248047e+02 3.543883134367e-04
3.200614013672e+02 2.748620402235e-03
3.200623779297e+02 -6.509462904169e-04
3.200633544922e+02 1.474313209942e-03
3.200643310547e+02 1.726817213062e-03
3.200653076172e+02 3.365578334447e-03
3.200662841797e+02 1.035063435126e-03
3.200672607422e+02 -3.778552950086e-03
3.200682373047e+02 1.150968129467e-03
3.200692138672e+02 -3.165770919485e-03
3.200701904297e+02 -2.175918682452e-03
3.200711669922e+02 7.305159915763e-04
3.200721435547e+02 -1.118145161332e-03
3.200731201172e+02 -1.639234501497e-03
3.200740966797e+02 4.846427074790e-04
3.200750732422e+02 4.845508269147e-04
3.200760498047e+02 2.064324268401e-04
3.200770263672e+02 2.142048222240e-03
3.200780029297e+02 1.905284852879e-03
3.200789794922e+02 -8.282354867458e-04
3.200799560547e+02 7.011281584925e-04
3.200809326172e+02 4.272925103008e-03
3.200819091797e+02 2.528664232196e-03
3.200828857422e+02 -1.674141605740e-03
3.200838623047e+02 1.998914932781e-03
3.200848388672e+02 1.736215912315e-03
3.200858154297e+02 -8.392147224396e-04
3.200867919922e+02 -1.102412633806e-03
3.200877685547e+02 -1.081993109716e-05
3.200887451172e+02 -2.766629886905e-04
3.200897216797e+02 -8.961189218816e-04
3.200906982422e+02 9.447201939120e-04
3.200916748047e+02 -3.321911731192e-03
3.200926513672e+02 -3.306896128367e-03
3.200936279297e+02 1.086947850356e-03
3.200946044922e+02 1.591721997762e-04
3.200955810547e+02 -2.785978449588e-04
3.200965576172e+02 -1.466970274984e-03
3.200975341797e+02 -1.560608103490e-03
3.200985107422e+02 4.795379866440e-04
3.200994873047e+02 3.663916165810e-04
3.201004638672e+02 -3.219971213693e-04
3.201014404297e+02 1.872988789829e-03
3.201024169922e+02 4.088113978965e-03
3.201033935547e+02 -8.530990886577e-04
3.201043701172e+02 -8.549149442470e-04
3.201053466797e+02 8.185015709545e-04
3.201063232422e+02 -4.053575887096e-04
3.201072998047e+02 -3.290366329075e-03
3.201082763672e+02 -4.936218198153e-04
3.201092529297e+02 -3.585018805075e-03
3.201102294922e+02 -1.079418710480e-03
3.201112060547e+02 6.104650787392e-04
3.201121826172e+02 -7.464884278094e-04
3.201131591797e+02 -1.193689999057e-03
3.201141357422e+02 -4.730079398708e-03
3.201151123047e+02 -2.897780317615e-03
3.201160888672e+02 -1.075588590330e-04
3.201170654297e+02 -7.998111478895e-05
3.201180419922e+02 -1.586928562199e-03
3.201190185547e+02 -2.499525188911e-03
3.201199951172e+02 -1.527066184096e-03
3.201209716797e+02 -1.010635185561e-03
3.201219482422e+02 1.849359957797e-03
3.201229248047e+02 2.879097002404e-04
3.201239013672e+02 3.548271377535e-05
3.201248779297e+02 -2.370401733453e-03
3.201258544922e+02 -9.222049704124e-05
3.201268310547e+02 -5.572904017026e-04
3.201278076172e+02 -2.532218814961e-03
3.201287841797e+02 3.522710669467e-04
3.201297607422e+02 -2.069518187591e-03
3.201307373047e+02 -5.856882373524e-03
3.201317138672e+02 3.099522737857e-03
3.201326904297e+02 4.537264085748e-03
3.201336669922e+02 4.995223282609e-03
3.201346435547e+02 -3.732054112791e-04
3.201356201172e+02 1.844279972891e-03
3.201365966797e+02 3.846256915628e-03
3.201375732422e+02 9.322523321443e-04
3.201385498047e+02 9.035712313672e-04
3.201395263672e+02 1.241128145994e-03
3.201405029297e+02 -1.322723809126e-03
3.201414794922e+02 1.263017356781e-03
3.201424560547e+02 1.246918022253e-03
3.201434326172e+02 1.067164590978e-03
3.201444091797e+02 -3.066042330459e-03
3.201453857422e+02 2.534239487020e-05
3.201463623047e+02 5.303250207068e-04
3.201473388672e+02 3.752165972591e-03
3.201483154297e+02 -4.148236471750e-03
3.201492919922e+02 -1.520934177160e-03
3.201502685547e+02 1.025069047025e-03
3.201512451172e+02 7.912313121863e-04
3.201522216797e+02 -2.466996786945e-03
3.201531982422e+02 -3.548767496820e-03
3.201541748047e+02 -2.455214617044e-03
3.201551513672e+02 -2.091590503856e-03
3.201561279297e+02 2.776729238791e-03
3.201571044922e+02 4.190791150304e-04
3.201580810547e+02 3.850688521178e-04
3.201590576172e+02 -1.503415536763e-03
3.201600341797e+02 -1.940144988659e-03
3.201610107422e+02 2.108498673452e-03
3.201619873047e+02 -3.676072533689e-04
3.201629638672e+02 1.786073531108e-03
3.201639404297e+02 4.662503940787e-03
3.201649169922e+02 -1.455519149295e-03
3.201658935547e+02 -1.912192346083e-04
3.201668701172e+02 -1.917879195709e-03
3.201678466797e+02 -1.029824425020e-03
3.201688232422e+02 -1.339845244151e-03
3.201697998047e+02 -5.005721091565e-04
3.201707763672e+02 -1.769269431227e-03
3.201717529297e+02 3.162620515836e-04
3.201727294922e+02 1.771050418097e-03
3.201737060547e+02 2.395594949066e-03
3.201746826172e+02 1.846333531815e-04
3.201756591797e+02 -3.679637130035e-03
3.201766357422e+02 -2.888263124322e-03
3.201776123047e+02 4.341739920367e-04
3.201785888672e+02 3.211944255800e-04
3.201795654297e+02 -1.668834407917e-03
3.201805419922e+02 1.293041290664e-03
3.201815185547e+02 6.447697588087e-04
3.201824951172e+02 1.118143850030e-03
3.201834716797e+02 6.427218265634e-03
3.201844482422e+02 3.119765191440e-03
3.201854248047e+02 7.397323006078e-03
3.201864013672e+02 1.403101987725e-03
3.201873779297e+02 4.613515119338e-03
3.201883544922e+02 3.340765158067e-03
3.201893310547e+02 3.016652727359e-03
3.201903076172e+02 -1.572783306438e-03
3.201912841797e+02 -6.187082584520e-03
3.201922607422e+02 -5.441103716843e-03
3.201932373047e+02 7.290317464439e-05
3.201942138672e+02 -3.588092259125e-03
3.201951904297e+02 -2.027198887791e-03
3.201961669922e+02 2.419324751371e-03
3.201971435547e+02 1.523284984462e-03
3.201981201172e+02 1.644247967616e-03
3.201990966797e+02 3.675846036028e-03
3.202000732422e+02 -2.326889387026e-03
3.202010498047e+02 -4.089376643820e-03
3.202020263672e+02 -2.405032748968e-03
3.202030029297e+02 -1.838524667327e-03
3.202039794922e+02 3.067050841096e-03
3.202049560547e+02 -2.467143891216e-03
3.202059326172e+02 -1.132222467794e-03
3.202069091797e+02 -4.256665431978e-03
3.202078857422e+02 -1.706082425090e-03
3.202088623047e+02 2.909984428817e-04
3.202098388672e+02 -5.804717339613e-03
3.202108154297e+02 -2.030555106288e-03
3.202117919922e+02 -1.612884359674e-03
3.202127685547e+02 6.676439363974e-04
3.202137451172e+02 7.299180377515e-04
3.202147216797e+02 2.112929444536e-03
3.202156982422e+02 -2.898698706025e-03
3.202166748047e+02 -1.086602739447e-03
3.202176513672e+02 -9.773949252881e-04
3.202186279297e+02 -1.982302044609e-03
3.202196044922e+02 -4.372362344517e-03
3.202205810547e+02 -1.541231943856e-04
3.202215576172e+02 1.195878085671e-03
3.202225341797e+02 -1.701181134917e-03
3.202235107422e+02 -3.513056445090e-03
3.202244873047e+02 1.161826069703e-03
3.202254638672e+02 -2.649213201469e-03
3.202264404297e+02 -1.559876039209e-03
3.202274169922e+02 -9.448946567156e-04
3.202283935547e+02 1.276282967152e-03
3.202293701172e+02 -3.406814260173e-03
3.202303466797e+02 -1.726483069407e-03
3.202313232422e+02 4.170440633495e-04
3.202322998047e+02 3.314948477840e-03
3.202332763672e+02 -2.394736165303e-03
3.202342529297e+02 -4.555511690985e-03
3.202352294922e+02 -1.430244513734e-03
3.202362060547e+02 -1.681827625049e-03
3.202371826172e+02 -6.501483272366e-03
3.202381591797e+02 -1.851813761930e-03
3.202391357422e+02 -8.670917565205e-04
3.202401123047e+02 -1.111881666543e-03
3.202410888672e+02 4.745268093430e-03
3.202420654297e+02 2.429646130569e-03
3.202430419922e+02 9.653969269574e-04
3.202440185547e+02 8.127965121089e-04
3.202449951172e+02 -7.030780649343e-04
3.202459716797e+02 -6.973168585106e-04
3.202469482422e+02 -1.736960851201e-03
3.202479248047e+02 -7.723940381707e-04
3.202489013672e+02 -1.938452216667e-03
3.202498779297e+02 7.894946711736e-04
3.202508544922e+02 3.023358429029e-04
3.202518310547e+02 -5.036048174685e-03
3.202528076172e+02 -3.525763440704e-03
3.202537841797e+02 -3.990186642389e-03
3.202547607422e+02 -5.847560206638e-03
3.202557373047e+02 -5.401895302810e-03
3.202567138672e+02 -4.514513230175e-03
3.202576904297e+02 -3.844741050230e-03
3.202586669922e+02 -1.269680917965e-04
3.202596435547e+02 -9.657974105847e-04
3.202606201172e+02 -1.233473359521e-03
3.202615966797e+02 -5.551738406661e-04
3.202625732422e+02 8.945839829964e-04
3.202635498047e+02 2.620976989781e-04
3.202645263672e+02 1.855059354201e-03
3.202655029297e+02 3.702046570186e-03
3.202664794922e+02 2.735858808764e-03
3.202674560547e+02 2.575706604273e-03
3.202684326172e+02 5.138652568749e-04
3.202694091797e+02 -3.729712663419e-03
3.202703857422e+02 -3.379805248575e-03
3.202713623047e+02 1.702645978737e-03
3.202723388672e+02 2.521556020341e-03
3.202733154297e+02 -3.075233367120e-03
3.202742919922e+02 -1.938464852852e-03
3.202752685547e+02 -2.049618818360e-03
3.202762451172e+02 -1.333308402448e-03
3.202772216797e+02 -2.981927536501e-03
3.202781982422e+02 -9.442495794564e-03
3.202791748047e+02 -5.529334330928e-03
3.202801513672e+02 -9.346361008160e-04
3.202811279297e+02 -6.119446568277e-03
3.202821044922e+02 -1.879847019792e-03
3.202830810547e+02 6.902653306756e-05
3.202840576172e+02 -2.267652857723e-03
3.202850341797e+02 8.688806708091e-04
3.202860107422e+02 6.143579774837e-04
3.202869873047e+02 -4.076868250892e-03
3.202879638672e+02 -3.607239596517e-04
3.202889404297e+02 4.053200914257e-03
3.202899169922e+02 1.935607644465e-03
3.202908935547e+02 1.617118077793e-03
3.202918701172e+02 -5.268705737501e-04
3.202928466797e+02 -9.191647608554e-04
3.202938232422e+02 3.164365918732e-03
3.202947998047e+02 5.977318570803e-04
3.202957763672e+02 1.661710579644e-03
3.202967529297e+02 2.883084255305e-04
3.202977294922e+02 2.629088526669e-03
3.202987060547e+02 9.172037083445e-04
3.202996826172e+02 3.762599408526e-03
3.203006591797e+02 2.253767359017e-03
3.203016357422e+02 -5.959177896304e-04
3.203026123047e+02 -4.048442079193e-03
3.203035888672e+02 3.727609990265e-04
3.203045654297e+02 -1.152927572652e-03
3.203055419922e+02 2.749907385786e-03
3.203065185547e+02 -4.614844541398e-03
3.203074951172e+02 -1.813029017732e-03
3.203084716797e+02 1.324087801882e-03
3.203094482422e+02 -1.388028568392e-03
3.203104248047e+02 -1.690404376211e-03
3.203114013672e+02 -6.058615018604e-03
3.203123779297e+02 -2.143473011737e-03
3.203133544922e+02 -1.512386513065e-03
3.203143310547e+02 2.267169344822e-03
3.203153076172e+02 1.346491162359e-03
3.203162841797e+02 4.366180508095e-04
3.203172607422e+02 1.952291223748e-04
3.203182373047e+02 -2.012403822162e-03
3.203192138672e+02 -6.036870170273e-04
3.203201904297e+02 -1.185641583491e-03
3.203211669922e+02 2.920876880144e-03
3.203221435547e+02 -1.812045064209e-03
3.203231201172e+02 -1.242701470272e-03
3.203240966797e+02 -1.710121414825e-04
3.203250732422e+02 4.424089105454e-04
3.203260498047e+02 1.258912265491e-03
3.203270263672e+02 -9.501052950093e-04
3.203280029297e+02 -1.763875121211e-04
3.203289794922e+02 1.568872407090e-03
3.203299560547e+02 -2.105508665909e-03
3.203309326172e+02 1.073052338069e-03
3.203319091797e+02 9.215979715823e-05
3.203328857422e+02 -4.265528881496e-03
3.203338623047e+02 -4.990782676758e-04
3.203348388672e+02 2.800792827122e-03
3.203358154297e+02 1.086368254763e-03
3.203367919922e+02 1.864827602269e-03
3.203377685547e+02 4.345091072470e-03
3.203387451172e+02 7.349977991403e-05
3.203397216797e+02 -1.990003322708e-03
3.203406982422e+02 2.283074219187e-04
3.203416748047e+02 -8.228853139720e-04
3.203426513672e+02 -1.744292342066e-03
3.203436279297e+02 -1.183770474393e-03
3.203446044922e+02 5.637487440847e-04
3.203455810547e+02 -1.263033330827e-03
3.203465576172e+02 -3.020713711210e-03
3.203475341797e+02 7.609846357351e-04
3.203485107422e+02 1.459138462707e-03
3.203494873047e+02 6.354498688206e-03
3.203504638672e+02 4.806818236734e-03
3.203514404297e+02 1.450619408844e-03
3.203524169922e+02 4.082959369040e-03
3.203533935547e+02 5.962950036033e-03
3.203543701172e+02 4.234648428827e-03
3.203553466797e+02 -1.220878420644e-03
3.203563232422e+02 -1.253133833324e-03
3.203572998047e+02 1.134593421467e-03
3.203582763672e+02 -6.685698945979e-04
3.203592529297e+02 3.263567125836e-03
3.203602294922e+02 -3.094504741784e-03
3.203612060547e+02 -4.331986633065e-03
3.203621826172e+02 2.586561802695e-03
3.203631591797e+02 1.028099466519e-03
3.203641357422e+02 -2.624250298214e-03
3.203651123047e+02 -7.221932754217e-04
3.203660888672e+02 4.005550038333e-04
3.203670654297e+02 6.832169022821e-04
3.203680419922e+02 -2.845892326106e-03
3.203690185547e+02 -3.392050188961e-03
3.203699951172e+02 2.986976526990e-03
3.203709716797e+02 4.180351932717e-03
3.203719482422e+02 6.402558392408e-04
3.203729248047e+02 3.801386536910e-03
3.203739013672e+02 -6.254032432060e-03
3.203748779297e+02 -1.615296082925e-03
3.203758544922e+02 1.081022790756e-03
3.203768310547e+02 4.128353314983e-03
3.203778076172e+02 -5.676862271056e-04
3.203787841797e+02 -8.130184798166e-04
3.203797607422e+02 1.613308506346e-03
3.203807373047e+02 -2.576037469672e-04
3.203817138672e+02 -4.424200268122e-03
3.203826904297e+02 2.046528675009e-03
3.203836669922e+02 3.162690074460e-03
3.203846435547e+02 1.503138494361e-03
3.203856201172e+02 3.776549041834e-03
3.203865966797e+02 -3.268221771977e-04
3.203875732422e+02 -6.344468894944e-04
3.203885498047e+02 2.514434457045e-03
3.203895263672e+02 1.963699791719e-03
3.203905029297e+02 -4.329244819276e-03
3.203914794922e+02 2.168517960789e-04
3.203924560547e+02 2.106478910363e-04
3.203934326172e+02 4.367009608743e-04
3.203944091797e+02 -8.019979679043e-05
3.203953857422e+02 1.511854481981e-03
3.203963623047e+02 -8.548857975743e-04
3.203973388672e+02 -1.489167880218e-03
3.203983154297e+02 5.319024577057e-04
3.203992919922e+02 1.960096452353e-03
3.204002685547e+02 2.499869703775e-03
3.204012451172e+02 -1.985330199126e-03
3.204022216797e+02 -2.437854405800e-03
3.204031982422e+02 2.884202438494e-04
3.204041748047e+02 -3.097768453868e-03
3.204051513672e+02 3.223446045439e-03
3.204061279297e+02 -2.029396630357e-03
3.204071044922e+02 1.025302578034e-03
3.204080810547e+02 -2.539467693784e-03
3.204090576172e+02 -1.316059890314e-03
3.204100341797e+02 7.088153698943e-04
3.204110107422e+02 6.647743302430e-04
3.204119873047e+02 1.386111802134e-03
3.204129638672e+02 2.267526972707e-03
3.204139404297e+02 -9.068143798481e-04
3.204149169922e+02 3.029058123456e-03
3.204158935547e+02 -1.497243356294e-03
3.204168701172e+02 -2.280677665318e-04
3.204178466797e+02 2.655525572069e-03
3.204188232422e+02 1.302686157112e-03
3.204197998047e+02 4.122948842375e-03
3.204207763672e+02 2.378762119745e-03
3.204217529297e+02 4.547693051335e-04
3.204227294922e+02 2.029207802834e-03
3.204237060547e+02 -1.733251892399e-03
3.204246826172e+02 2.004472589333e-03
3.204256591797e+02 -2.143076283202e-03
3.204266357422e+02 5.166592247315e-04
3.204276123047e+02 1.903470725824e-03
3.204285888672e+02 7.449183221821e-04
3.204295654297e+02 -2.094260792068e-03
3.204305419922e+02 -4.950648483339e-04
3.204315185547e+02 1.489958357055e-03
3.204324951172e+02 3.267356908540e-04
3.204334716797e+02 -2.015361643195e-03
3.204344482422e+02 -2.995332621748e-03
3.204354248047e+02 -4.703210577242e-03
3.204364013672e+02 2.011273956462e-03
3.204373779297e+02 -6.619678007070e-05
3.204383544922e+02 -4.803395976287e-03
3.204393310547e+02 -1.557563170265e-04
3.204403076172e+02 3.910606093184e-03
3.204412841797e+02 1.733990990029e-03
3.204422607422e+02 2.589867834079e-04
3.204432373047e+02 -1.872871011045e-03
3.204442138672e+02 -2.940087696486e-03
3.204451904297e+02 -3.521620917695e-03
3.204461669922e+02 -4.532530523053e-03
3.204471435547e+02 1.375373071194e-03
3.204481201172e+02 6.516458105612e-04
3.204490966797e+02 2.844724492245e-04
3.204500732422e+02 2.194034203790e-03
3.204510498047e+02 1.403695530806e-03
3.204520263672e+02 -5.241209517514e-04
3.204530029297e+02 3.248591279311e-04
3.204539794922e+02 1.865131228344e-03
3.204549560547e+02 3.477032349751e-03
3.204559326172e+02 6.789973700688e-04
3.204569091797e+02 1.252704620257e-04
3.204578857422e+02 2.456889507641e-03
3.204588623047e+02 4.936032529676e-03
3.204598388672e+02 -3.603589407898e-04
3.204608154297e+02 -1.402233428800e-03
3.204617919922e+02 4.439754622455e-05
3.204627685547e+02 -2.617235308028e-03
3.204637451172e+02 -2.993281327800e-04
3.204647216797e+02 1.655172665058e-03
3.204656982422e+02 -2.875185387800e-03
3.204666748047e+02 -1.922848435180e-03
3.204676513672e+02 9.978594657880e-04
3.204686279297e+02 4.531313634568e-03
3.204696044922e+02 1.211801109651e-03
3.204705810547e+02 -1.992278789735e-03
3.204715576172e+02 2.140558582888e-03
3.204725341797e+02 2.563699605641e-03
3.204735107422e+02 -6.372797046800e-05
3.204744873047e+02 -3.757626950405e-03
3.204754638672e+02 -2.091657976317e-03
3.204764404297e+02 -2.195617541649e-03
3.204774169922e+02 -2.639351314499e-04
3.204783935547e+02 1.559016182562e-03
3.204793701172e+02 2.583843115509e-03
3.204803466797e+02 6.138278775897e-03
3.204813232422e+02 2.848314897403e-03
3.204822998047e+02 6.297895611443e-04
3.204832763672e+02 3.025495196041e-03
3.204842529297e+02 -1.164057071662e-03
3.204852294922e+02 3.662560875333e-03
3.204862060547e+02 3.605018310115e-03
3.204871826172e+02 5.579958703907e-03
3.204881591797e+02 7.610498312987e-03
3.204891357422e+02 2.444482681033e-03
3.204901123047e+02 2.493593334382e-03
3.204910888672e+02 2.875959056126e-03
3.204920654297e+02 5.109443430399e-03
3.204930419922e+02 3.797211827392e-03
3.204940185547e+02 5.118015055562e-03
3.204949951172e+02 -2.326788297543e-03
3.204959716797e+02 -1.186801609143e-03
3.204969482422e+02 2.402797336264e-03
3.204979248047e+02 -1.330314222580e-03
3.204989013672e+02 3.128410726366e-03
3.204998779297e+02 4.221113405448e-03
3.205008544922e+02 -7.223682746671e-04
3.205018310547e+02 1.509807896801e-03
3.205028076172e+02 -1.963687274743e-03
3.205037841797e+02 2.895962137444e-03
3.205047607422e+02 2.237897740801e-03
3.205057373047e+02 6.974179479930e-04
3.205067138672e+02 5.714968714363e-04
3.205076904297e+02 1.645160395562e-03
3.205086669922e+02 1.083753041244e-03
3.205096435547e+02 6.317184271455e-04
3.205106201172e+02 5.426505346551e-03
3.205115966797e+02 3.570349386044e-03
3.205125732422e+02 -5.132816081656e-04
3.205135498047e+02 -5.786042488262e-04
3.205145263672e+02 2.645579702151e-03
3.205155029297e+02 -1.628599840271e-04
3.205164794922e+02 5.813463010347e-03
3.205174560547e+02 5.637418537874e-03
3.205184326172e+02 7.233185158011e-03
3.205194091797e+02 1.878065436875e-03
3.205203857422e+02 -4.687481149157e-04
3.205213623047e+02 1.058463266102e-03
3.205223388672e+02 1.967377636895e-03
3.205233154297e+02 -1.682167252331e-03
3.205242919922e+02 1.517584395964e-03
3.205252685547e+02 -4.188313206289e-03
3.205262451172e+02 -2.916075368151e-03
3.205272216797e+02 1.143221790254e-03
3.205281982422e+02 -1.997701501365e-03
3.205291748047e+02 3.352023760745e-03
3.205301513672e+02 5.383709328779e-04
3.205311279297e+02 6.657798010435e-04
3.205321044922e+02 -1.518933368349e-03
3.205330810547e+02 -3.916336960842e-03
3.205340576172e+02 -2.478669522714e-03
3.205350341797e+02 -1.589448050653e-03
3.205360107422e+02 1.536832405607e-03
3.205369873047e+02 2.352386824760e-03
3.205379638672e+02 -1.676456054206e-03
3.205389404297e+02 -8.040024424010e-04
3.205399169922e+02 -3.708918032381e-03
3.205408935547e+02 -2.384441965824e-03
3.205418701172e+02 2.366856687432e-03
3.205428466797e+02 1.260128438721e-03
3.205438232422e+02 1.070346048649e-03
3.205447998047e+02 -4.140482145515e-03
3.205457763672e+02 7.028481698085e-04
3.205467529297e+02 5.110212211144e-04
3.205477294922e+02 2.443615791038e-03
3.205487060547e+02 -1.600045280161e-03
3.205496826172e+02 -5.679368050441e-04
3.205506591797e+02 1.552804186189e-03
3.205516357422e+02 -1.260369360707e-03
3.205526123047e+02 4.191492756611e-03
3.205535888672e+02 5.149894482125e-03
3.205545654297e+02 -1.933375808040e-03
3.205555419922e+02 -1.490543674694e-03
3.205565185547e+02 -3.106812147840e-03
3.205574951172e+02 2.045847751515e-03
3.205584716797e+02 -3.213599178841e-04
