#title: Spectral profile - NGC_1052.Line.NatClean.image-raster
#region (world): Point[[02:41:04.798, -08d15m20.751]]
#region (pixel): Point[[256, 256]]
#coordinate: world
#xLabel: radio velocity [km/s]
#yLabel: [Jy/beam] Mean

# NGC_1052.Line.NatClean.image-raster
2.370682861328e+03 -2.034593023140e-04
2.369771484375e+03 1.040251542863e-03
2.368860107422e+03 1.139036471109e-03
2.367948730469e+03 2.508049607194e-03
2.367037597656e+03 1.190618929194e-03
2.366126220703e+03 -2.120807748438e-03
2.365214843750e+03 1.021596837883e-03
2.364303466797e+03 -8.474306866703e-04
2.363392089844e+03 -2.203844175112e-03
2.362480712891e+03 -3.423998280078e-03
2.361569335938e+03 4.960057017359e-03
2.360657958984e+03 3.354995171637e-03
2.359746582031e+03 1.716415963636e-03
2.358835205078e+03 2.749395977910e-03
2.357923828125e+03 -2.435120757847e-04
2.357012451172e+03 2.506864428381e-03
2.356101318359e+03 -1.085948399625e-04
2.355189941406e+03 -3.964849421948e-03
2.354278564453e+03 -1.072545817774e-03
2.353367187500e+03 3.124626784917e-03
2.352455810547e+03 -1.419072695424e-03
2.351544433594e+03 3.392484051191e-04
2.350633056641e+03 2.237807380155e-03
2.349721679688e+03 3.067788031378e-03
2.348810302734e+03 3.720843968692e-04
2.347898925781e+03 2.707434067576e-03
2.346987548828e+03 -2.030081994398e-04
2.346076171875e+03 7.603003743806e-04
2.345164794922e+03 1.242982580692e-04
2.344253662109e+03 4.327165809167e-03
2.343342285156e+03 1.034503866695e-03
2.342430908203e+03 3.327100136953e-04
2.341519531250e+03 -1.473824809459e-03
2.340608154297e+03 2.305831780282e-03
2.339696777344e+03 3.078275826752e-03
2.338785400391e+03 2.090358356580e-03
2.337874023438e+03 3.972042093588e-04
2.336962646484e+03 4.213550290923e-03
2.336051269531e+03 2.080995181697e-03
2.335139892578e+03 1.442613789414e-03
2.334228515625e+03 7.888324635387e-04
2.333317138672e+03 -1.290836872377e-03
2.332406005859e+03 3.781671942086e-03
2.331494628906e+03 2.311920037407e-03
2.330583251953e+03 2.955321213902e-03
2.329671875000e+03 -2.620928173575e-03
2.328760498047e+03 3.331900516457e-03
2.327849121094e+03 1.641384321927e-03
2.326937744141e+03 -1.749055111037e-03
2.326026367188e+03 2.353788249235e-03
2.325114990234e+03 2.742427479349e-03
2.324203613281e+03 -6.872287812165e-07
2.323292236328e+03 -3.013888740640e-03
2.322380859375e+03 4.005920600427e-03
2.321469482422e+03 -1.931658598142e-03
2.320558349609e+03 -3.332445541355e-03
2.319646972656e+03 1.789925183436e-03
2.318735595703e+03 1.248184948841e-04
2.317824218750e+03 1.820571389840e-03
2.316912841797e+03 -2.126225810905e-03
2.316001464844e+03 5.356496230868e-04
2.315090087891e+03 7.683516658712e-05
2.314178710938e+03 -6.072416593966e-04
2.313267333984e+03 -2.902538675842e-03
2.312355957031e+03 -4.589869717214e-03
2.311444580078e+03 5.316967620668e-04
2.310533203125e+03 3.408333701850e-03
2.309621826172e+03 -7.311167468195e-04
2.308710693359e+03 3.667120809688e-05
2.307799316406e+03 -1.264738619795e-03
2.306887939453e+03 1.390755004183e-03
2.305976562500e+03 1.209286389568e-03
2.305065185547e+03 2.903627056708e-03
2.304153808594e+03 4.809804489184e-04
2.303242431641e+03 2.023337698719e-03
2.302331054688e+03 -5.109732393731e-03
2.301419677734e+03 -1.421952791996e-03
2.300508300781e+03 -1.710088453455e-03
2.299596923828e+03 2.300801386443e-04
2.298685546875e+03 2.679590590912e-03
2.297774414062e+03 -9.882325999437e-04
2.296863037109e+03 -2.252337741544e-04
2.295951660156e+03 -4.051869108011e-04
2.295040283203e+03 -1.224864660267e-03
2.294128906250e+03 -2.333981624835e-03
2.293217529297e+03 1.719403586993e-03
2.292306152344e+03 -1.091501541125e-04
2.291394775391e+03 2.725093732569e-03
2.290483398438e+03 2.522694230692e-03
2.289572021484e+03 -7.567840056456e-06
2.288660644531e+03 3.500116752932e-03
2.287749267578e+03 3.742970644395e-03
2.286837890625e+03 1.868600099626e-03
2.285926757812e+03 -9.661410909828e-04
2.285015380859e+03 3.448869630594e-03
2.284104003906e+03 1.658806402794e-03
2.283192626953e+03 9.737098083451e-04
2.282281250000e+03 -2.569639327984e-03
2.281369873047e+03 1.429212638074e-03
2.280458496094e+03 -8.273632919374e-04
2.279547119141e+03 -5.213220963137e-04
2.278635742188e+03 -2.282267917316e-03
2.277724365234e+03 -1.081979683769e-03
2.276812988281e+03 -3.989119421174e-04
2.275901611328e+03 6.143712544189e-05
2.274990234375e+03 3.601067952490e-03
2.274079101562e+03 1.346173946424e-03
2.273167724609e+03 -2.868018584576e-04
2.272256347656e+03 -1.508937907364e-03
2.271344970703e+03 -2.181604488997e-03
2.270433593750e+03 4.297300185228e-04
2.269522216797e+03 9.822420944407e-04
2.268610839844e+03 -5.554982926048e-03
2.267699462891e+03 -2.294339288968e-03
2.266788085938e+03 -6.795959199401e-04
2.265876708984e+03 6.897901028202e-04
2.264965332031e+03 -8.594887068811e-04
2.264053955078e+03 -1.842281190638e-03
2.263142578125e+03 -1.362255131337e-04
2.262231445312e+03 -4.053888513472e-03
2.261320068359e+03 1.874274700496e-03
2.260408691406e+03 1.424199648792e-03
2.259497314453e+03 -2.114343982033e-03
2.258585937500e+03 -1.022945095012e-03
2.257674560547e+03 -2.321787229191e-03
2.256763183594e+03 7.458092924545e-04
2.255851806641e+03 -1.103164367621e-03
2.254940429688e+03 -3.083932844252e-04
2.254029052734e+03 3.277823782683e-04
2.253117675781e+03 2.455858347238e-03
2.252206298828e+03 2.538218618789e-03
2.251295166016e+03 1.071570208902e-03
2.250383789062e+03 2.237001525319e-03
2.249472412109e+03 -3.550704290239e-04
2.248561035156e+03 -2.053674318583e-03
2.247649658203e+03 1.629176932469e-03
2.246738281250e+03 3.406098050728e-03
2.245826904297e+03 2.889240163706e-03
2.244915527344e+03 -3.884212559177e-04
2.244004150391e+03 3.319760003414e-03
2.243092773438e+03 7.882179396219e-04
2.242181396484e+03 1.481910179907e-03
2.241270019531e+03 5.681280405955e-03
2.240358642578e+03 3.292151369061e-03
2.239447509766e+03 -9.060377908944e-04
2.238536132812e+03 2.437134858495e-03
2.237624755859e+03 6.808818902122e-04
2.236713378906e+03 -2.447772619162e-03
2.235802001953e+03 -3.626344376191e-03
2.234890625000e+03 1.225359140423e-03
2.233979248047e+03 1.861688344689e-03
2.233067871094e+03 6.471673557586e-04
2.232156494141e+03 1.287975372455e-03
2.231245117188e+03 -2.213392362821e-03
2.230333740234e+03 -3.541600395573e-03
2.229422363281e+03 1.636458355430e-03
2.228510986328e+03 4.256908618940e-03
2.227599853516e+03 5.005600094130e-04
2.226688476562e+03 8.285600340521e-04
2.225777099609e+03 8.108399299465e-04
2.224865722656e+03 -2.632767459630e-05
2.223954345703e+03 1.281499923539e-03
2.223042968750e+03 -1.688742568834e-04
2.222131591797e+03 -3.955530592922e-03
2.221220214844e+03 3.225253496773e-03
2.220308837891e+03 4.571346976923e-03
2.219397460938e+03 3.627762489967e-03
2.218486083984e+03 4.693537935028e-03
2.217574707031e+03 2.130287271593e-03
2.216663330078e+03 2.766382110385e-03
2.215752197266e+03 1.044198324209e-03
2.214840820312e+03 4.230803154196e-04
2.213929443359e+03 3.311314144057e-04
2.213018066406e+03 2.502488731990e-03
2.212106689453e+03 -2.607045059054e-03
2.211195312500e+03 -3.401450795563e-03
2.210283935547e+03 -9.086418583437e-04
2.209372558594e+03 -2.656942732170e-03
2.208461181641e+03 8.325149812347e-04
2.207549804688e+03 4.030594063513e-03
2.206638427734e+03 6.072384407457e-04
2.205727050781e+03 2.395025367053e-03
2.204815673828e+03 8.685993964771e-04
2.203904541016e+03 -2.569902780526e-03
2.202993164062e+03 -1.133069926674e-03
2.202081787109e+03 -9.238786540160e-04
2.201170410156e+03 1.216966448413e-03
2.200259033203e+03 6.764481388953e-04
2.199347656250e+03 1.180807288942e-03
2.198436279297e+03 -1.379258817380e-03
2.197524902344e+03 4.183275898310e-04
2.196613525391e+03 6.755566917857e-04
2.195702148438e+03 7.639342313266e-04
2.194790771484e+03 1.654007990243e-03
2.193879394531e+03 7.782069218238e-04
2.192968261719e+03 8.927597827564e-04
2.192056884766e+03 2.810011520340e-03
2.191145507812e+03 -3.017839932730e-04
2.190234130859e+03 -1.809645023469e-03
2.189322753906e+03 -1.659021217944e-03
2.188411376953e+03 1.933537455844e-03
2.187500000000e+03 1.132187301052e-03
2.186588623047e+03 8.802734435480e-04
2.185677246094e+03 -2.879147368331e-04
2.184765869141e+03 -1.834497896544e-03
2.183854492188e+03 -1.603243307923e-03
2.182943115234e+03 3.741176782921e-03
2.182031738281e+03 3.484578059719e-03
2.181120605469e+03 1.247038080915e-04
2.180209228516e+03 6.517125230630e-05
2.179297851562e+03 -8.868807975491e-05
2.178386474609e+03 7.864392773326e-04
2.177475097656e+03 -2.396581525193e-03
2.176563720703e+03 -3.790273607992e-03
2.175652343750e+03 1.513201189389e-03
2.174740966797e+03 2.039306737487e-03
2.173829589844e+03 4.159454066429e-03
2.172918212891e+03 2.320721974929e-03
2.172006835938e+03 3.039965773968e-03
2.171095458984e+03 1.428737857254e-04
2.170184082031e+03 -1.471985648453e-04
2.169272949219e+03 4.081964388658e-04
2.168361572266e+03 1.542686774095e-03
2.167450195312e+03 2.706043610357e-03
2.166538818359e+03 -5.226748237912e-04
2.165627441406e+03 -1.161438520284e-03
2.164716064453e+03 -8.960431643745e-04
2.163804687500e+03 -6.926685900670e-05
2.162893310547e+03 -1.633359867429e-03
2.161981933594e+03 -2.556295754734e-03
2.161070556641e+03 -4.689486726340e-03
2.160159179688e+03 -1.858771174026e-03
2.159247802734e+03 -5.292606009099e-04
2.158336425781e+03 -4.381840437161e-03
2.157425292969e+03 -7.675420410416e-04
2.156513916016e+03 1.053986837858e-03
2.155602539062e+03 1.912592740303e-03
2.154691162109e+03 -3.191023024490e-04
2.153779785156e+03 -8.057777668300e-04
2.152868408203e+03 9.948865647793e-04
2.151957031250e+03 -3.407613916125e-03
2.151045654297e+03 -1.669544537688e-03
2.150134277344e+03 2.355584971732e-03
2.149222900391e+03 9.992197630556e-04
2.148311523438e+03 1.360549514543e-03
2.147400146484e+03 -1.428198166972e-03
2.146489013672e+03 -1.447626301859e-03
2.145577636719e+03 5.565858151632e-04
2.144666259766e+03 -9.235715708715e-04
2.143754882812e+03 1.812826481139e-03
2.142843505859e+03 6.316283645230e-04
2.141932128906e+03 5.049615742201e-04
2.141020751953e+03 4.387867182289e-03
2.140109375000e+03 8.279065883003e-04
2.139197998047e+03 1.362207596630e-03
2.138286621094e+03 -1.275633872540e-03
2.137375244141e+03 -1.248027383955e-03
2.136463867188e+03 -2.071232894094e-03
2.135552490234e+03 -1.389035767727e-03
2.134641357422e+03 3.299251653498e-04
2.133729980469e+03 8.899537151564e-04
2.132818603516e+03 2.807221545995e-03
2.131907226562e+03 2.897454637820e-03
2.130995849609e+03 3.920067734945e-04
2.130084472656e+03 2.387720698280e-03
2.129173095703e+03 1.097404055267e-03
2.128261718750e+03 2.978099249194e-03
2.127350341797e+03 2.549455883002e-04
2.126438964844e+03 -1.687647899678e-03
2.125527587891e+03 7.000804876016e-04
2.124616210938e+03 5.699398788316e-04
2.123704833984e+03 1.636213141910e-03
2.122793701172e+03 -8.955688901935e-04
2.121882324219e+03 -5.646811991918e-04
2.120970947266e+03 -1.981750463200e-03
2.120059570312e+03 -2.152945054509e-04
2.119148193359e+03 -3.667889411619e-04
2.118236816406e+03 -7.845374718415e-04
2.117325439453e+03 1.307480158919e-03
2.116414062500e+03 2.135700804108e-03
2.115502685547e+03 -2.400188798466e-03
2.114591308594e+03 2.656757480926e-03
2.113679931641e+03 8.352883854878e-04
2.112768554688e+03 6.295904816213e-04
2.111857177734e+03 -2.653426773217e-03
2.110946044922e+03 -2.102656702730e-03
2.110034667969e+03 1.591811494140e-03
2.109123291016e+03 1.482541154706e-03
2.108211914062e+03 2.636194592757e-03
2.107300537109e+03 4.610546152236e-04
2.106389160156e+03 8.625764064411e-04
2.105477783203e+03 -2.359917991195e-03
2.104566406250e+03 -1.827930298843e-04
2.103655029297e+03 -3.288881696512e-03
2.102743652344e+03 -1.827052203174e-03
2.101832275391e+03 -4.141264158491e-03
2.100920898438e+03 -1.302604379535e-03
2.100009521484e+03 -8.230395708000e-04
2.099098388672e+03 -1.121827417252e-03
2.098187011719e+03 -2.291766990796e-03
2.097275634766e+03 -3.894212669325e-03
2.096364257812e+03 -5.288163913131e-03
2.095452880859e+03 1.040419866388e-03
2.094541503906e+03 2.215980635039e-03
2.093630126953e+03 1.546608432082e-04
2.092718750000e+03 -4.733363614792e-04
2.091807373047e+03 -6.055910874951e-04
2.090895996094e+03 6.445406981479e-04
2.089984619141e+03 -1.034563113714e-03
2.089073242188e+03 -3.670353110123e-03
2.088162109375e+03 -3.732475219626e-03
2.087250732422e+03 7.316597451592e-04
2.086339355469e+03 1.444573947856e-03
2.085427978516e+03 3.815104248533e-04
2.084516601562e+03 1.100813441110e-03
2.083605224609e+03 7.173856837551e-04
2.082693847656e+03 8.631644062897e-04
2.081782470703e+03 -2.255150425260e-03
2.080871093750e+03 -6.423878378810e-04
2.079959716797e+03 1.152717049037e-03
2.079048339844e+03 -3.333569208171e-03
2.078136962891e+03 -1.061362912999e-03
2.077225585938e+03 -7.530852317878e-04
2.076314453125e+03 -1.093978814588e-03
2.075403076172e+03 -4.933643873423e-04
2.074491699219e+03 -2.674887784216e-03
2.073580322266e+03 -3.746825157747e-03
2.072668945312e+03 3.476721928746e-03
2.071757568359e+03 -4.458399328756e-04
2.070846191406e+03 2.731432329214e-03
2.069934814453e+03 -1.106227688880e-03
2.069023437500e+03 -2.156252725021e-03
2.068112060547e+03 -1.262761295215e-03
2.067200683594e+03 -3.122896581206e-03
2.066289306641e+03 7.987143776700e-04
2.065377929688e+03 1.472050140681e-03
2.064466796875e+03 -6.412816948307e-04
2.063555419922e+03 3.732617078687e-03
2.062644042969e+03 2.352479808011e-03
2.061732666016e+03 -1.406246371305e-03
2.060821289062e+03 3.924495764216e-04
2.059909912109e+03 -1.217366514807e-03
2.058998535156e+03 -2.299465288662e-03
2.058087158203e+03 2.117472272358e-03
2.057175781250e+03 -3.682051356681e-03
2.056264404297e+03 -5.843401828793e-04
2.055353027344e+03 1.444836446724e-03
2.054441650391e+03 -2.270017731721e-03
2.053530273438e+03 -4.385830372271e-04
2.052619140625e+03 -6.391676967941e-04
2.051707763672e+03 -2.683199056278e-03
2.050796386719e+03 -3.824880543229e-03
2.049885009766e+03 -3.750713526538e-03
2.048973632812e+03 1.249525725586e-03
2.048062255859e+03 1.240150152936e-03
2.047150878906e+03 2.102746109702e-03
2.046239501953e+03 3.793710650391e-05
2.045328125000e+03 1.493451308614e-03
2.044416870117e+03 -3.699275430909e-03
2.043505493164e+03 1.685437282508e-03
2.042594116211e+03 1.384953326204e-03
2.041682739258e+03 2.814665451225e-03
2.040771362305e+03 1.809322562325e-03
2.039859985352e+03 3.575907400224e-03
2.038948608398e+03 1.755333149360e-03
2.038037353516e+03 2.166365249534e-03
2.037125976562e+03 2.971517227169e-03
2.036214599609e+03 -1.454366872248e-03
2.035303222656e+03 1.124038749678e-03
2.034391845703e+03 2.706334957874e-03
2.033480468750e+03 5.932587070914e-04
2.032569213867e+03 -1.972062562197e-03
2.031657836914e+03 8.887772386220e-04
2.030746459961e+03 -3.700935718368e-04
2.029835083008e+03 -3.862215702397e-03
2.028923706055e+03 -2.519524693951e-03
2.028012329102e+03 -2.001634931269e-03
2.027101074219e+03 -1.140673929988e-03
2.026189697266e+03 -4.758581864357e-03
2.025278320312e+03 -4.422834129598e-03
2.024366943359e+03 -5.099914793014e-03
2.023455566406e+03 -8.354805508717e-04
2.022544189453e+03 -1.379290646262e-03
2.021632812500e+03 -9.450566621478e-04
2.020721557617e+03 9.866380564110e-04
2.019810180664e+03 -1.266905248735e-03
2.018898803711e+03 -3.820462408330e-04
2.017987426758e+03 1.940058204292e-03
2.017076049805e+03 6.842156377574e-04
2.016164672852e+03 -3.371858518538e-03
2.015253417969e+03 -5.062136294478e-04
2.014342041016e+03 2.479011891810e-03
2.013430664062e+03 1.062466433445e-03
2.012519287109e+03 4.401684016442e-05
2.011607910156e+03 -1.883911103084e-03
2.010696533203e+03 -6.234675345913e-04
2.009785156250e+03 -8.388883273893e-04
2.008873901367e+03 1.270461500430e-03
2.007962524414e+03 -2.520046830664e-03
2.007051147461e+03 -1.876874893644e-03
2.006139770508e+03 -4.619659166413e-03
2.005228393555e+03 -6.704600771828e-04
2.004317016602e+03 1.593847588903e-03
2.003405761719e+03 5.186732657741e-04
2.002494384766e+03 -6.995974515374e-04
2.001583007812e+03 -1.677759131012e-03
2.000671630859e+03 1.059718182353e-03
1.999760253906e+03 -1.266119968679e-05
1.998848876953e+03 -5.293215049388e-03
1.997937622070e+03 -3.799807967423e-03
1.997026245117e+03 -1.805446948929e-03
1.996114868164e+03 4.227679930266e-03
1.995203491211e+03 -1.727364026099e-03
1.994292114258e+03 -1.092734388755e-03
1.993380737305e+03 1.263307273787e-03
1.992469360352e+03 -1.048251440246e-03
1.991558105469e+03 2.668098934063e-04
1.990646728516e+03 2.734612833210e-03
1.989735351562e+03 -4.930549855771e-03
1.988823974609e+03 2.307128538996e-03
1.987912597656e+03 3.524308610465e-03
1.987001220703e+03 3.936886974407e-03
1.986089965820e+03 -5.829199233362e-04
1.985178588867e+03 1.003684210766e-03
1.984267211914e+03 -2.626351242833e-03
1.983355834961e+03 3.213364515343e-03
1.982444458008e+03 -7.946349759832e-04
1.981533081055e+03 4.232390604775e-03
1.980621704102e+03 2.900767702553e-03
1.979710449219e+03 3.080031064415e-03
1.978799072266e+03 1.021172214374e-03
1.977887695312e+03 3.631445043910e-04
1.976976318359e+03 5.415448803630e-05
1.976064941406e+03 -2.440420266671e-03
1.975153564453e+03 -4.961382147884e-03
1.974242309570e+03 -4.511470055287e-03
1.973330932617e+03 -1.854535667767e-03
1.972419555664e+03 -1.815551248000e-03
1.971508178711e+03 -2.874710457968e-03
1.970596801758e+03 5.977591560089e-04
1.969685424805e+03 -4.383202999405e-04
1.968774169922e+03 4.494454180093e-04
1.967862792969e+03 3.016850137952e-03
1.966951416016e+03 -1.921683521947e-03
1.966040039062e+03 -1.601632551926e-03
1.965128662109e+03 -5.027994871538e-03
1.964217285156e+03 -3.632900887428e-03
1.963305908203e+03 5.161574728079e-04
1.962394653320e+03 4.331031051355e-03
1.961483276367e+03 -3.103181032708e-03
1.960571899414e+03 -3.987058828901e-03
1.959660522461e+03 2.067970612521e-03
1.958749145508e+03 4.085963443279e-03
1.957837768555e+03 3.188773068252e-03
1.956926513672e+03 2.635743981621e-03
1.956015136719e+03 2.356270425180e-03
1.955103759766e+03 5.314113154094e-04
1.954192382812e+03 -1.774309481019e-03
1.953281005859e+03 1.117168717995e-03
1.952369628906e+03 -7.368262164091e-04
1.951458374023e+03 -5.173199422502e-04
1.950546997070e+03 2.255264150927e-03
1.949635620117e+03 1.648795086973e-03
1.948724243164e+03 4.587469795682e-03
1.947812866211e+03 1.834442106594e-04
1.946901489258e+03 -5.129172091920e-03
1.945990112305e+03 -2.645187741988e-03
1.945078857422e+03 -2.552957417630e-03
1.944167480469e+03 -6.839759674694e-03
1.943256103516e+03 -3.123068957847e-03
1.942344726562e+03 -2.598707322529e-03
1.941433349609e+03 -1.784133638247e-03
1.940521972656e+03 1.422455974431e-03
1.939610717773e+03 3.546663542166e-05
1.938699340820e+03 -1.056976010935e-03
1.937787963867e+03 2.795689954031e-03
1.936876586914e+03 2.553568961315e-03
1.935965209961e+03 2.054363348309e-03
1.935053833008e+03 1.127256566184e-03
1.934142456055e+03 3.144198805424e-03
1.933231201172e+03 3.162724406737e-03
1.932319824219e+03 3.762846171768e-03
1.931408447266e+03 1.265324563283e-04
1.930497070312e+03 -2.537810446162e-03
1.929585693359e+03 3.422239942974e-03
1.928674316406e+03 -5.510141515189e-04
1.927763061523e+03 -1.715973935569e-03
1.926851684570e+03 -4.122202592187e-03
1.925940307617e+03 -6.225330529261e-04
1.925028930664e+03 7.404101991662e-05
1.924117553711e+03 -2.415067072183e-03
1.923206176758e+03 -9.533862328368e-04
1.922294921875e+03 4.042740358207e-04
1.921383544922e+03 -2.765079629625e-03
1.920472167969e+03 -3.657296175623e-04
1.919560791016e+03 -6.084636142772e-05
1.918649414062e+03 -2.682136663039e-03
1.917738037109e+03 -2.385571354687e-03
1.916826660156e+03 -2.994142674563e-03
1.915915405273e+03 2.857642547916e-03
1.915004028320e+03 1.958736274294e-03
1.914092651367e+03 8.839485469101e-05
1.913181274414e+03 4.504615997649e-03
1.912269897461e+03 1.666041691758e-03
1.911358520508e+03 -7.521205305663e-04
1.910447265625e+03 -3.454264044918e-05
1.909535888672e+03 2.322770467458e-03
1.908624511719e+03 7.994695685552e-04
1.907713134766e+03 -3.194574984650e-03
1.906801757812e+03 -3.577641657050e-03
1.905890380859e+03 1.400563783412e-04
1.904979003906e+03 1.605281786871e-03
1.904067749023e+03 -2.271242964858e-03
1.903156372070e+03 -8.913931673961e-04
1.902244995117e+03 -7.831516041800e-04
1.901333618164e+03 -4.524446225489e-03
1.900422241211e+03 -4.506424641076e-03
1.899510864258e+03 -3.995304535851e-03
1.898599609375e+03 -6.297760904940e-04
1.897688232422e+03 2.992039822595e-03
1.896776855469e+03 -8.896816795448e-04
1.895865478516e+03 -2.737593065591e-03
1.894954101562e+03 -4.271792137866e-03
1.894042724609e+03 1.246464192467e-03
1.893131469727e+03 5.864774267286e-04
1.892220092773e+03 -2.858865635285e-03
1.891308715820e+03 2.530971196554e-06
1.890397338867e+03 -1.537066532663e-03
1.889485961914e+03 -3.428562803992e-03
1.888574584961e+03 -2.595124844789e-03
1.887663208008e+03 -4.957121846092e-04
1.886751953125e+03 4.953943130235e-04
1.885840576172e+03 1.239796578167e-03
1.884929199219e+03 1.381743496721e-03
1.884017822266e+03 -2.813642397053e-03
1.883106445312e+03 -2.889300960446e-03
1.882195068359e+03 -3.569828203005e-03
1.881283813477e+03 -5.898038667440e-03
1.880372436523e+03 4.590446690202e-03
1.879461059570e+03 2.117451082906e-04
1.878549682617e+03 1.163988541219e-04
1.877638305664e+03 -2.818781032933e-03
1.876726928711e+03 -4.560100354781e-04
1.875815673828e+03 6.699847897228e-04
1.874904296875e+03 -5.128725772318e-03
1.873992919922e+03 -2.968893668999e-03
1.873081542969e+03 -1.597258166839e-03
1.872170166016e+03 -6.490302394149e-04
1.871258789062e+03 -1.835079280277e-03
1.870347412109e+03 -9.658611279530e-04
1.869436157227e+03 -2.236062394492e-03
1.868524780273e+03 -8.035638117993e-04
1.867613403320e+03 6.243179140987e-04
1.866702026367e+03 -1.467605064481e-03
1.865790649414e+03 -3.673090870797e-03
1.864879272461e+03 -4.633492689867e-03
1.863968017578e+03 4.879941278023e-04
1.863056640625e+03 -1.464904258689e-03
1.862145263672e+03 2.197231873925e-03
1.861233886719e+03 -3.471026585458e-04
1.860322509766e+03 -2.707082876993e-03
1.859411132812e+03 -1.756961429124e-03
1.858499755859e+03 -2.847116843986e-03
1.857588500977e+03 -6.259734927906e-04
1.856677124023e+03 1.446110317252e-03
1.855765747070e+03 -6.124120049486e-04
1.854854370117e+03 6.303567589709e-04
1.853942993164e+03 2.068831065214e-03
1.853031616211e+03 1.388852781459e-03
1.852120361328e+03 -1.723504446353e-04
1.851208984375e+03 2.452180353050e-04
1.850297607422e+03 2.230139361450e-03
1.849386230469e+03 1.677684148366e-03
1.848474853516e+03 -7.107314805009e-04
1.847563476562e+03 -1.769441748263e-04
1.846652221680e+03 3.119898705850e-03
1.845740844727e+03 -3.617554121181e-03
1.844829467773e+03 -2.689352640097e-03
1.843918090820e+03 4.380141108657e-04
1.843006713867e+03 2.822791710461e-03
1.842095336914e+03 -1.566812917504e-04
1.841183959961e+03 -1.436787673529e-03
1.840272705078e+03 2.190882071606e-03
1.839361328125e+03 5.335984483487e-03
1.838449951172e+03 1.413853354851e-03
1.837538574219e+03 -6.536875081603e-04
1.836627197266e+03 2.430362816852e-03
1.835715820312e+03 3.027362490441e-03
1.834804565430e+03 3.453188821778e-03
1.833893188477e+03 1.698644718743e-03
1.832981811523e+03 1.210106787938e-03
1.832070434570e+03 3.481237338430e-03
1.831159057617e+03 4.169623096148e-03
1.830247680664e+03 -3.338141599898e-03
1.829336303711e+03 -1.740644895260e-03
1.828425048828e+03 1.668778498757e-03
1.827513671875e+03 1.228687225527e-04
1.826602294922e+03 4.231143198710e-04
1.825690917969e+03 3.163971753197e-04
1.824779541016e+03 3.594625166921e-05
1.823868164062e+03 -2.477241052631e-05
1.822956909180e+03 -7.410616630634e-04
1.822045532227e+03 2.320251098213e-03
1.821134155273e+03 1.602175788685e-03
1.820222778320e+03 1.245385109926e-03
1.819311401367e+03 -1.192605432889e-03
1.818400024414e+03 -1.494601067365e-05
1.817488769531e+03 1.263514459542e-03
1.816577392578e+03 -4.768936860576e-04
1.815666015625e+03 2.683925458118e-04
1.814754638672e+03 1.913256616868e-03
1.813843261719e+03 -1.898838967868e-03
1.812931884766e+03 1.226167737073e-04
1.812020507812e+03 -3.643454724752e-03
1.811109252930e+03 -1.583003596154e-03
1.810197875977e+03 1.790495242286e-03
1.809286499023e+03 1.610236840436e-03
1.808375122070e+03 4.163380820614e-03
1.807463745117e+03 6.691148002863e-04
1.806552368164e+03 -8.197451027175e-04
1.805641113281e+03 -1.950485202926e-03
1.804729736328e+03 -7.672219640839e-04
1.803818359375e+03 1.404779381718e-03
1.802906982422e+03 1.340631906290e-03
1.801995605469e+03 8.185982496929e-04
1.801084228516e+03 9.688875539352e-04
1.800172851562e+03 -2.487009166589e-03
1.799261596680e+03 1.310120644808e-03
1.798350219727e+03 -1.527504039838e-03
1.797438842773e+03 -2.428743477786e-03
1.796527465820e+03 1.815091934586e-03
1.795616088867e+03 6.024024772668e-04
1.794704711914e+03 2.845385507787e-04
1.793793457031e+03 1.830520836037e-03
1.792882080078e+03 -4.723443255663e-03
1.791970703125e+03 -1.977876399524e-03
1.791059326172e+03 1.325689170146e-04
1.790147949219e+03 2.228537903778e-03
1.789236572266e+03 6.906470388388e-04
1.788325317383e+03 2.653870231795e-03
1.787413940430e+03 -1.340215150594e-03
1.786502563477e+03 4.880273871956e-04
1.785591186523e+03 1.312947931663e-03
1.784679809570e+03 -3.680010910780e-04
1.783768432617e+03 -1.477840732196e-03
1.782857055664e+03 2.133898597983e-03
1.781945800781e+03 -1.294124903158e-03
1.781034423828e+03 -4.674242360877e-04
1.780123046875e+03 2.427206631552e-03
1.779211669922e+03 1.162786837017e-04
1.778300292969e+03 9.175047118149e-04
1.777388916016e+03 -6.324939432155e-04
1.776477661133e+03 -4.098418907280e-03
1.775566284180e+03 7.217614397498e-04
1.774654907227e+03 -4.019637298772e-04
1.773743530273e+03 -5.359110609921e-03
1.772832153320e+03 -2.149278504414e-03
1.771920776367e+03 -5.019435524932e-04
1.771009521484e+03 4.842193654694e-04
1.770098144531e+03 -1.122112208258e-03
1.769186767578e+03 1.015547562198e-03
1.768275390625e+03 3.636666709064e-04
1.767364013672e+03 -2.301611055976e-03
1.766452636719e+03 3.304047264630e-03
1.765541259766e+03 3.666081602657e-03
1.764630004883e+03 -4.075310900659e-03
1.763718627930e+03 -2.194952353782e-03
1.762807250977e+03 -2.334578624986e-03
1.761895874023e+03 -1.338673893616e-03
1.760984497070e+03 -3.052950050403e-03
1.760073120117e+03 -2.776404989508e-03
1.759161865234e+03 1.209228811479e-03
1.758250488281e+03 -1.368454282909e-03
1.757339111328e+03 -1.496979069287e-03
1.756427734375e+03 2.729471336308e-03
1.755516357422e+03 5.294982222881e-05
1.754604980469e+03 -7.490650175161e-05
1.753693603516e+03 1.272147954329e-03
1.752782348633e+03 2.370146387143e-03
1.751870971680e+03 -1.759440744046e-03
1.750959594727e+03 3.398782414699e-03
1.750048217773e+03 5.359824912018e-03
1.749136840820e+03 2.061372139612e-03
1.748225463867e+03 3.137344270949e-03
1.747314208984e+03 -6.886886089324e-04
1.746402832031e+03 1.212309060458e-03
1.745491455078e+03 -1.626519638069e-03
1.744580078125e+03 -1.658737440217e-04
1.743668701172e+03 1.246865808582e-03
1.742757324219e+03 4.664222938824e-03
1.741846069336e+03 5.100671533620e-03
1.740934692383e+03 3.081483033631e-03
1.740023315430e+03 -7.676516539885e-04
1.739111938477e+03 6.751934759644e-05
1.738200561523e+03 -2.411158437812e-03
1.737289184570e+03 -2.179959639141e-03
1.736377807617e+03 -2.895331520272e-03
1.735466552734e+03 -9.601884344310e-04
1.734555175781e+03 -8.232160005570e-04
1.733643798828e+03 -3.298406161572e-04
1.732732421875e+03 4.235342703762e-03
1.731821044922e+03 4.138266283135e-03
1.730909667969e+03 7.598196867395e-03
1.729998413086e+03 2.237695084999e-03
1.729087036133e+03 4.022018504444e-04
1.728175659180e+03 3.943452307131e-03
1.727264282227e+03 5.531841540825e-03
1.726352905273e+03 4.498864387574e-03
1.725441528320e+03 1.900813312215e-03
1.724530151367e+03 4.629384737554e-03
1.723618896484e+03 3.660774404834e-03
1.722707519531e+03 2.750291954973e-03
1.721796142578e+03 1.467275808408e-03
1.720884765625e+03 1.674938281460e-03
1.719973388672e+03 8.629743270685e-04
1.719062011719e+03 3.781787575103e-03
1.718150756836e+03 2.232549058143e-03
1.717239379883e+03 3.364118199395e-04
1.716328002930e+03 -4.188493927580e-03
1.715416625977e+03 -2.131577354586e-03
1.714505249023e+03 1.497427534655e-03
1.713593872070e+03 -4.557039954149e-04
1.712682617188e+03 2.854082243106e-03
1.711771240234e+03 2.479612229821e-03
1.710859863281e+03 -2.687399515004e-04
1.709948486328e+03 2.003216689605e-04
1.709037109375e+03 3.119515805594e-03
1.708125732422e+03 -1.312278333051e-03
1.707214355469e+03 2.113672356864e-03
1.706303100586e+03 -6.969727012754e-04
1.705391723633e+03 6.467760512471e-04
1.704480346680e+03 1.534713221966e-03
1.703568969727e+03 1.905137987027e-03
1.702657592773e+03 1.334974113930e-03
1.701746215820e+03 7.042371965163e-04
1.700834960938e+03 -1.819343295681e-03
1.699923583984e+03 8.003112457840e-04
1.699012207031e+03 2.271805632731e-03
1.698100830078e+03 7.878598945037e-04
1.697189453125e+03 1.219603626244e-04
1.696278076172e+03 1.377713268868e-03
1.695366699219e+03 1.086451105223e-03
1.694455444336e+03 2.948435923429e-03
1.693544067383e+03 3.663147385065e-03
1.692632690430e+03 3.549545695099e-03
1.691721313477e+03 6.262767135539e-03
1.690809936523e+03 5.611793307775e-03
1.689898559570e+03 1.438919254937e-03
1.688987304688e+03 3.655465061244e-03
1.688075927734e+03 3.466364548341e-03
1.687164550781e+03 4.873745672927e-03
1.686253173828e+03 5.957377239900e-03
1.685341796875e+03 1.972785804991e-03
1.684430419922e+03 8.301455176784e-04
1.683519165039e+03 2.797172440827e-03
1.682607788086e+03 3.993110846401e-03
1.681696411133e+03 2.641929036694e-03
1.680785034180e+03 5.224790344447e-03
1.679873657227e+03 4.545596338646e-03
1.678962280273e+03 2.494951605091e-03
1.678050903320e+03 6.484586070025e-03
1.677139648438e+03 8.965859839002e-03
1.676228271484e+03 5.178116567511e-03
1.675316894531e+03 6.844935742292e-03
1.674405517578e+03 3.929398246481e-03
1.673494140625e+03 2.639582520927e-03
1.672582763672e+03 5.895130437474e-03
1.671671508789e+03 8.167910010147e-03
1.670760131836e+03 5.317110314195e-03
1.669848754883e+03 8.794563711176e-03
1.668937377930e+03 9.236060581206e-03
1.668026000977e+03 7.825404062025e-03
1.667114624023e+03 9.957925315811e-03
1.666203369141e+03 4.942106004849e-03
1.665291992188e+03 7.735891232761e-03
1.664380615234e+03 8.880698625851e-03
1.663469238281e+03 1.041786243330e-02
1.662557861328e+03 1.299770798430e-02
1.661646484375e+03 1.169830473197e-02
1.660735107422e+03 8.422418040729e-03
1.659823852539e+03 1.164230115875e-02
1.658912475586e+03 8.823089065009e-03
1.658001098633e+03 9.713024600748e-03
1.657089721680e+03 8.841350021687e-03
1.656178344727e+03 1.254993879799e-02
1.655266967773e+03 1.214539013376e-02
1.654355712891e+03 1.198754558281e-02
1.653444335938e+03 1.112965255195e-02
1.652532958984e+03 1.095184855028e-02
1.651621582031e+03 1.291130508713e-02
1.650710205078e+03 1.008178568089e-02
1.649798828125e+03 1.070733121231e-02
1.648887451172e+03 1.702790150458e-02
1.647976196289e+03 1.509018302113e-02
1.647064819336e+03 1.557020070598e-02
1.646153442383e+03 1.521364856502e-02
1.645242065430e+03 1.846648113224e-02
1.644330688477e+03 1.795420731945e-02
1.643419311523e+03 1.972135637495e-02
1.642508056641e+03 2.037482549168e-02
1.641596679688e+03 2.160816104525e-02
1.640685302734e+03 2.204101476454e-02
1.639773925781e+03 1.889767355079e-02
1.638862548828e+03 2.249730026290e-02
1.637951171875e+03 2.430317421952e-02
1.637039916992e+03 2.273163712706e-02
1.636128540039e+03 2.538526464873e-02
1.635217163086e+03 2.890363067583e-02
1.634305786133e+03 2.833041325663e-02
1.633394409180e+03 3.072537758853e-02
1.632483032227e+03 3.183129271064e-02
1.631571655273e+03 3.509315657406e-02
1.630660400391e+03 3.637181645535e-02
1.629749023438e+03 3.669991858275e-02
1.628837646484e+03 3.975515554427e-02
1.627926269531e+03 4.065729715817e-02
1.627014892578e+03 4.022468757952e-02
1.626103515625e+03 4.068493464117e-02
1.625192260742e+03 4.576719882910e-02
1.624280883789e+03 4.261513340228e-02
1.623369506836e+03 4.419905300266e-02
1.622458129883e+03 4.561525180040e-02
1.621546752930e+03 4.405779094151e-02
1.620635375977e+03 4.821822586202e-02
1.619723999023e+03 4.928350301223e-02
1.618812744141e+03 5.221287021679e-02
1.617901367188e+03 5.397308224498e-02
1.616989990234e+03 5.348274484986e-02
1.616078613281e+03 5.416242475275e-02
1.615167236328e+03 6.141598420983e-02
1.614255859375e+03 6.305367960011e-02
1.613344604492e+03 6.342328563574e-02
1.612433227539e+03 6.488029025206e-02
1.611521850586e+03 6.920104546217e-02
1.610610473633e+03 7.039009428573e-02
1.609699096680e+03 7.215474280705e-02
1.608787719727e+03 6.999074886882e-02
1.607876464844e+03 6.824076404448e-02
1.606965087891e+03 7.055616332438e-02
1.606053710938e+03 6.842541065970e-02
1.605142333984e+03 6.783378923267e-02
1.604230957031e+03 7.001326321315e-02
1.603319580078e+03 6.969871852047e-02
1.602408203125e+03 7.414580125123e-02
1.601496948242e+03 7.655400449061e-02
1.600585571289e+03 7.321192516927e-02
1.599674194336e+03 7.765295778988e-02
1.598762817383e+03 7.361544386520e-02
1.597851440430e+03 7.106244234013e-02
1.596940063477e+03 7.180395085923e-02
1.596028808594e+03 7.729339966733e-02
1.595117431641e+03 7.374474684986e-02
1.594206054688e+03 7.254159890453e-02
1.593294677734e+03 7.090465119494e-02
1.592383300781e+03 7.207374152146e-02
1.591471923828e+03 7.214803656894e-02
1.590560546875e+03 7.290968669056e-02
1.589649291992e+03 7.330226483421e-02
1.588737915039e+03 6.869295065044e-02
1.587826538086e+03 7.090196564794e-02
1.586915161133e+03 6.856134358852e-02
1.586003784180e+03 6.989251278017e-02
1.585092407227e+03 7.120886568693e-02
1.584181152344e+03 7.043566466143e-02
1.583269775391e+03 6.809832324182e-02
1.582358398438e+03 7.114060549081e-02
1.581447021484e+03 7.192079504203e-02
1.580535644531e+03 7.119304995131e-02
1.579624267578e+03 6.903243583502e-02
1.578713012695e+03 6.914464134572e-02
1.577801635742e+03 6.555422522059e-02
1.576890258789e+03 6.482026217304e-02
1.575978881836e+03 6.539124608687e-02
1.575067504883e+03 6.387089460475e-02
1.574156127930e+03 6.052394010007e-02
1.573244750977e+03 6.093833449842e-02
1.572333496094e+03 6.036794567738e-02
1.571422119141e+03 6.127712922276e-02
1.570510742188e+03 6.227666006247e-02
1.569599365234e+03 6.802497423931e-02
1.568687988281e+03 7.319980969018e-02
1.567776611328e+03 6.788880479925e-02
1.566865356445e+03 7.153321415204e-02
1.565953979492e+03 6.723288283206e-02
1.565042602539e+03 6.610187844485e-02
1.564131225586e+03 6.889468711021e-02
1.563219848633e+03 6.541698003585e-02
1.562308471680e+03 6.625784616466e-02
1.561397216797e+03 6.385110013970e-02
1.560485839844e+03 6.173451144664e-02
1.559574462891e+03 6.071613600154e-02
1.558663085938e+03 6.633801584620e-02
1.557751708984e+03 6.401011198807e-02
1.556840332031e+03 6.331697383259e-02
1.555928955078e+03 6.426199646048e-02
1.555017700195e+03 6.555163885572e-02
1.554106323242e+03 6.804124773862e-02
1.553194946289e+03 6.275253975427e-02
1.552283569336e+03 6.533282018078e-02
1.551372192383e+03 7.001337765407e-02
1.550460815430e+03 6.692100079821e-02
1.549549560547e+03 6.818280353148e-02
1.548638183594e+03 6.257360755583e-02
1.547726806641e+03 6.061862470540e-02
1.546815429688e+03 6.326572337239e-02
1.545904052734e+03 6.602129677598e-02
1.544992675781e+03 6.257291328089e-02
1.544081298828e+03 6.264400016781e-02
1.543170043945e+03 6.242881308484e-02
1.542258666992e+03 6.299232400638e-02
1.541347290039e+03 6.025477504823e-02
1.540435913086e+03 6.061350156673e-02
1.539524536133e+03 5.583637121288e-02
1.538613159180e+03 5.836723223396e-02
1.537701904297e+03 5.653356820644e-02
1.536790527344e+03 5.757038008430e-02
1.535879150391e+03 6.065583326430e-02
1.534967773438e+03 6.010733699191e-02
1.534056396484e+03 5.703433498438e-02
1.533145019531e+03 5.593661001769e-02
1.532233764648e+03 6.043259335501e-02
1.531322387695e+03 5.954372688823e-02
1.530411010742e+03 5.907818121182e-02
1.529499633789e+03 5.457734176465e-02
1.528588256836e+03 5.711774715875e-02
1.527676879883e+03 5.624025993445e-02
1.526765502930e+03 5.596920279267e-02
1.525854248047e+03 5.602337149642e-02
1.524942871094e+03 5.332583871448e-02
1.524031494141e+03 5.607652167594e-02
1.523120117188e+03 5.183595903556e-02
1.522208740234e+03 4.778547513956e-02
1.521297363281e+03 4.971068427641e-02
1.520386108398e+03 5.163802964384e-02
1.519474731445e+03 5.015505075260e-02
1.518563354492e+03 5.209610995734e-02
1.517651977539e+03 4.593014744524e-02
1.516740600586e+03 4.628259115705e-02
1.515829223633e+03 4.477598784452e-02
1.514917846680e+03 4.849975434829e-02
1.514006591797e+03 4.861986772680e-02
1.513095214844e+03 4.475139067538e-02
1.512183837891e+03 4.012855338916e-02
1.511272460938e+03 4.579012516075e-02
1.510361083984e+03 4.404469508517e-02
1.509449707031e+03 4.581161335147e-02
1.508538452148e+03 4.778287733060e-02
1.507627075195e+03 4.667531425919e-02
1.506715698242e+03 4.262957966152e-02
1.505804321289e+03 4.019162941144e-02
1.504892944336e+03 4.164805037906e-02
1.503981567383e+03 3.838636580641e-02
1.503070312500e+03 4.088450053810e-02
1.502158935547e+03 4.015775108342e-02
1.501247558594e+03 4.078114131078e-02
1.500336181641e+03 4.061522104533e-02
1.499424804688e+03 3.581318071715e-02
1.498513427734e+03 3.705803856436e-02
1.497602050781e+03 3.995502661700e-02
1.496690795898e+03 3.904541582550e-02
1.495779418945e+03 3.930336948156e-02
1.494868041992e+03 3.656099874583e-02
1.493956665039e+03 3.730887780967e-02
1.493045288086e+03 4.112477307149e-02
1.492133911133e+03 4.007189750268e-02
1.491222656250e+03 3.644726735615e-02
1.490311279297e+03 3.474569104242e-02
1.489399902344e+03 3.850522033476e-02
1.488488525391e+03 3.780799282362e-02
1.487577148438e+03 3.319755330409e-02
1.486665771484e+03 3.402316064311e-02
1.485754516602e+03 3.416063470970e-02
1.484843139648e+03 3.509564375680e-02
1.483931762695e+03 3.111880450236e-02
1.483020385742e+03 3.326931920716e-02
1.482109008789e+03 3.361098258398e-02
1.481197631836e+03 3.136843258123e-02
1.480286254883e+03 3.084646943693e-02
1.479375000000e+03 3.138842159585e-02
1.478463623047e+03 3.092853693045e-02
1.477552246094e+03 2.986574314828e-02
1.476640869141e+03 2.734089218302e-02
1.475729492188e+03 2.229812155776e-02
1.474818115234e+03 2.468900607074e-02
1.473906860352e+03 2.630467539796e-02
1.472995483398e+03 2.669206555308e-02
1.472084106445e+03 2.210507688612e-02
1.471172729492e+03 2.428814431158e-02
1.470261352539e+03 2.075320342408e-02
1.469349975586e+03 2.223269377450e-02
1.468438598633e+03 2.452912256400e-02
1.467527343750e+03 2.143000704509e-02
1.466615966797e+03 2.209494314235e-02
1.465704589844e+03 2.045670034298e-02
1.464793212891e+03 2.177561863377e-02
1.463881835938e+03 2.156140811335e-02
1.462970458984e+03 1.892337316749e-02
1.462059204102e+03 2.468566248842e-02
1.461147827148e+03 2.476018832509e-02
1.460236450195e+03 2.528350950168e-02
1.459325073242e+03 2.068294051181e-02
1.458413696289e+03 2.162475879384e-02
1.457502319336e+03 2.297773470344e-02
1.456591064453e+03 2.257938492256e-02
1.455679687500e+03 2.266128838409e-02
1.454768310547e+03 2.301436533568e-02
1.453856933594e+03 2.332885280789e-02
1.452945556641e+03 2.132673174111e-02
1.452034179688e+03 1.788332833354e-02
1.451122802734e+03 1.381438416292e-02
1.450211547852e+03 1.987814425471e-02
1.449300170898e+03 2.290432275843e-02
1.448388793945e+03 1.833635608028e-02
1.447477416992e+03 1.639209252968e-02
1.446566040039e+03 1.727818380407e-02
1.445654663086e+03 1.740373503379e-02
1.444743408203e+03 1.764454162481e-02
1.443832031250e+03 1.965705583478e-02
1.442920654297e+03 1.665345461790e-02
1.442009277344e+03 2.192274388490e-02
1.441097900391e+03 2.162443072986e-02
1.440186523438e+03 2.080452254883e-02
1.439275146484e+03 2.147287852235e-02
1.438363891602e+03 2.090622429011e-02
1.437452514648e+03 2.097404198132e-02
1.436541137695e+03 1.800588693311e-02
1.435629760742e+03 1.910868163271e-02
1.434718383789e+03 1.870961850341e-02
1.433807006836e+03 2.196444234269e-02
1.432895751953e+03 2.323130717948e-02
1.431984375000e+03 2.084964279023e-02
1.431072998047e+03 2.081877807319e-02
1.430161621094e+03 1.982539080372e-02
1.429250244141e+03 2.237650786825e-02
1.428338867188e+03 1.853473179161e-02
1.427427612305e+03 2.250367462233e-02
1.426516235352e+03 2.238400374873e-02
1.425604858398e+03 2.142757326812e-02
1.424693481445e+03 2.080752662307e-02
1.423782104492e+03 2.089167694140e-02
1.422870727539e+03 2.222279081993e-02
1.421959350586e+03 2.283700669993e-02
1.421048095703e+03 2.491998600114e-02
1.420136718750e+03 2.467048952933e-02
1.419225341797e+03 2.623171930929e-02
1.418313964844e+03 2.572742965827e-02
1.417402587891e+03 2.542870070121e-02
1.416491210938e+03 2.634222537228e-02
1.415579956055e+03 2.496001552880e-02
1.414668579102e+03 2.934317346709e-02
1.413757202148e+03 3.020724440047e-02
1.412845825195e+03 3.004590558665e-02
1.411934448242e+03 3.140623623293e-02
1.411023071289e+03 2.978127048802e-02
1.410111694336e+03 3.272449648841e-02
1.409200439453e+03 2.983365200601e-02
1.408289062500e+03 3.322692647443e-02
1.407377685547e+03 3.334688345035e-02
1.406466308594e+03 3.807887067462e-02
1.405554931641e+03 3.521867156415e-02
1.404643554688e+03 3.368501823203e-02
1.403732299805e+03 3.636676961063e-02
1.402820922852e+03 3.759068858356e-02
1.401909545898e+03 3.787049282658e-02
1.400998168945e+03 3.936306949660e-02
1.400086791992e+03 3.871635620905e-02
1.399175415039e+03 3.886167329358e-02
1.398264160156e+03 4.434776516793e-02
1.397352783203e+03 4.514164566828e-02
1.396441406250e+03 4.837160340226e-02
1.395530029297e+03 4.407296962265e-02
1.394618652344e+03 4.660352165325e-02
1.393707275391e+03 5.124465804312e-02
1.392795898438e+03 4.810803832627e-02
1.391884643555e+03 5.058430339750e-02
1.390973266602e+03 5.236891423055e-02
1.390061889648e+03 5.170119721886e-02
1.389150512695e+03 5.155836350236e-02
1.388239135742e+03 5.141734939654e-02
1.387327758789e+03 5.774108779504e-02
1.386416503906e+03 5.077818920993e-02
1.385505126953e+03 4.987937019751e-02
1.384593750000e+03 5.615474204709e-02
1.383682373047e+03 5.920880789650e-02
1.382770996094e+03 5.546343113169e-02
1.381859619141e+03 5.965816399694e-02
1.380948364258e+03 5.988415048839e-02
1.380036987305e+03 5.560504414500e-02
1.379125610352e+03 5.603930167295e-02
1.378214233398e+03 5.890399449701e-02
1.377302856445e+03 5.726455578999e-02
1.376391479492e+03 5.138111358549e-02
1.375480102539e+03 5.323425164348e-02
1.374568847656e+03 5.278819525633e-02
1.373657470703e+03 5.390997189042e-02
1.372746093750e+03 5.770376098053e-02
1.371834716797e+03 5.567459752355e-02
1.370923339844e+03 5.505589937405e-02
1.370011962891e+03 5.194086321535e-02
1.369100708008e+03 5.503903459664e-02
1.368189331055e+03 5.230169926154e-02
1.367277954102e+03 5.392647045688e-02
1.366366577148e+03 5.515350222292e-02
1.365455200195e+03 4.942336126472e-02
1.364543823242e+03 4.964402625323e-02
1.363632446289e+03 4.732588039117e-02
1.362721191406e+03 4.898990100854e-02
1.361809814453e+03 4.704556116399e-02
1.360898437500e+03 3.936675067963e-02
1.359987060547e+03 3.551816727540e-02
1.359075683594e+03 3.843016234780e-02
1.358164306641e+03 3.577688005624e-02
1.357253051758e+03 3.287567676293e-02
1.356341674805e+03 3.423730631368e-02
1.355430297852e+03 3.555414368702e-02
1.354518920898e+03 3.262579119198e-02
1.353607543945e+03 2.903394837001e-02
1.352696166992e+03 2.736668144511e-02
1.351784912109e+03 2.687448819969e-02
1.350873535156e+03 2.958017871211e-02
1.349962158203e+03 2.865035574619e-02
1.349050781250e+03 2.722226081447e-02
1.348139404297e+03 2.352999608221e-02
1.347228027344e+03 2.445430490297e-02
1.346316650391e+03 1.997309398151e-02
1.345405395508e+03 1.761178672519e-02
1.344494018555e+03 2.078830054794e-02
1.343582641602e+03 1.907277197830e-02
1.342671264648e+03 1.634986001425e-02
1.341759887695e+03 2.286590494044e-02
1.340848510742e+03 1.965218065145e-02
1.339937255859e+03 1.946359536112e-02
1.339025878906e+03 1.658288271513e-02
1.338114501953e+03 1.474179719373e-02
1.337203125000e+03 1.758816802594e-02
1.336291748047e+03 1.519803596204e-02
1.335380371094e+03 1.359783237194e-02
1.334468994141e+03 1.278046859410e-02
1.333557739258e+03 1.464467690408e-02
1.332646362305e+03 1.147050149086e-02
1.331734985352e+03 1.769651497018e-02
1.330823608398e+03 1.270412886879e-02
1.329912231445e+03 7.983942887914e-03
1.329000854492e+03 1.205924282132e-02
1.328089599609e+03 1.195132216952e-02
1.327178222656e+03 1.044592811609e-02
1.326266845703e+03 5.968505666027e-03
1.325355468750e+03 8.660703116745e-03
1.324444091797e+03 1.114145141115e-02
1.323532714844e+03 9.744555936169e-03
1.322621459961e+03 9.007501076332e-03
1.321710083008e+03 1.291238846121e-02
1.320798706055e+03 7.453833457218e-03
1.319887329102e+03 8.047325516505e-03
1.318975952148e+03 7.372822158052e-03
1.318064575195e+03 4.159180838725e-03
1.317153198242e+03 2.087270120579e-03
1.316241943359e+03 3.971196840080e-03
1.315330566406e+03 7.745912442954e-03
1.314419189453e+03 6.911306232658e-03
1.313507812500e+03 1.199665031194e-02
1.312596435547e+03 8.772159993071e-03
1.311685058594e+03 1.102016739736e-03
1.310773803711e+03 3.013527298057e-03
1.309862426758e+03 4.791940439855e-03
1.308951049805e+03 3.979043672729e-03
1.308039672852e+03 2.040330983751e-03
1.307128295898e+03 6.757409416724e-03
1.306216918945e+03 8.251263056709e-03
1.305305541992e+03 5.290831817158e-03
1.304394287109e+03 3.379230659772e-03
1.303482910156e+03 2.279155124199e-03
1.302571533203e+03 2.002540921913e-03
1.301660156250e+03 5.046766640046e-04
1.300748779297e+03 -5.313316836002e-04
1.299837402344e+03 6.662652332145e-03
1.298926147461e+03 3.398331565144e-03
1.298014770508e+03 5.761827742544e-03
1.297103393555e+03 1.903110236915e-04
1.296192016602e+03 6.093139461009e-03
1.295280639648e+03 5.719867024304e-03
1.294369262695e+03 1.819974389690e-03
1.293458007812e+03 1.649667460595e-03
1.292546630859e+03 2.337815872606e-04
1.291635253906e+03 4.437615128531e-03
1.290723876953e+03 4.496213649685e-03
1.289812500000e+03 3.352571646665e-03
1.288901123047e+03 -3.799551190601e-03
1.287989746094e+03 9.218842229024e-06
1.287078491211e+03 4.863315813270e-03
1.286167114258e+03 2.011391019990e-03
1.285255737305e+03 8.154359847188e-04
1.284344360352e+03 9.060191793432e-05
1.283432983398e+03 1.984104846781e-03
1.282521606445e+03 2.796487225798e-03
1.281610351562e+03 -1.028598715047e-03
1.280698974609e+03 2.653111583841e-03
1.279787597656e+03 5.800667308116e-05
1.278876220703e+03 6.093917182451e-03
1.277964843750e+03 2.209034309407e-03
1.277053466797e+03 3.321298041741e-03
1.276142211914e+03 2.346049658627e-03
1.275230834961e+03 1.563491180295e-03
1.274319458008e+03 1.011552381878e-03
1.273408081055e+03 -1.256869137381e-03
1.272496704102e+03 -6.739216170926e-04
1.271585327148e+03 9.474189135417e-04
1.270673950195e+03 1.991037582553e-03
1.269762695312e+03 -1.845626561089e-03
1.268851318359e+03 -4.102092937759e-03
1.267939941406e+03 5.083994630057e-03
1.267028564453e+03 4.659594757147e-03
1.266117187500e+03 1.542441560574e-03
1.265205810547e+03 4.545302532437e-05
1.264294555664e+03 9.706191285528e-04
1.263383178711e+03 9.009490441050e-03
1.262471801758e+03 5.770453727146e-03
1.261560424805e+03 3.974360177938e-03
1.260649047852e+03 -1.443924376406e-04
1.259737670898e+03 3.310390391229e-03
1.258826293945e+03 2.983155869079e-03
1.257915039062e+03 9.355888811080e-04
1.257003662109e+03 3.240892445003e-04
1.256092285156e+03 5.146280771550e-04
1.255180908203e+03 1.093917064173e-03
1.254269531250e+03 7.230605826490e-04
1.253358154297e+03 1.641504604106e-03
1.252446899414e+03 4.461383554647e-03
1.251535522461e+03 3.450442954872e-03
1.250624145508e+03 -2.518515706476e-03
1.249712768555e+03 -3.624584250947e-04
1.248801391602e+03 -2.085655549884e-03
1.247890014648e+03 -2.718366275203e-03
1.246978759766e+03 2.993595265479e-03
1.246067382812e+03 -7.820291294562e-04
1.245156005859e+03 -1.155594284586e-03
1.244244628906e+03 5.661778718932e-04
1.243333251953e+03 -2.914620299494e-03
1.242421875000e+03 4.304182435864e-04
1.241510498047e+03 -3.513000416721e-03
1.240599243164e+03 -5.730005774861e-04
1.239687866211e+03 -3.090292362128e-03
1.238776489258e+03 1.660668571195e-03
1.237865112305e+03 3.761094987221e-03
1.236953735352e+03 2.133893471983e-04
1.236042358398e+03 8.423507613688e-04
1.235131103516e+03 2.842995778651e-03
1.234219726562e+03 -8.938584752258e-04
1.233308349609e+03 -6.433234520345e-03
1.232396972656e+03 4.158270556547e-04
1.231485595703e+03 4.864440195343e-03
1.230574218750e+03 -2.822638407307e-03
1.229662841797e+03 -3.328501144195e-03
1.228751586914e+03 -3.254538929073e-03
1.227840209961e+03 -1.650088984663e-03
1.226928833008e+03 -1.072740724971e-03
1.226017456055e+03 -3.355922381535e-03
1.225106079102e+03 1.212412534126e-03
1.224194702148e+03 2.889481681738e-03
1.223283447266e+03 -3.470032677959e-04
1.222372070312e+03 3.277687705273e-03
1.221460693359e+03 4.631333094275e-03
1.220549316406e+03 -7.793423903607e-05
1.219637939453e+03 -1.428920575301e-03
1.218726562500e+03 4.861355058783e-03
1.217815307617e+03 1.613630848280e-03
1.216903930664e+03 -1.236943542104e-03
1.215992553711e+03 -4.124507801933e-04
1.215081176758e+03 -1.861146061605e-03
1.214169799805e+03 -2.146192414179e-03
1.213258422852e+03 -4.148149210546e-03
1.212347045898e+03 4.073637619387e-04
1.211435791016e+03 -5.256732951937e-04
1.210524414062e+03 -1.670925547571e-04
1.209613037109e+03 5.007249116311e-03
1.208701660156e+03 9.848511090757e-04
1.207790283203e+03 4.111873106757e-04
1.206878906250e+03 -5.824085750643e-04
1.205967651367e+03 -1.933017226480e-03
1.205056274414e+03 6.094166925924e-05
1.204144897461e+03 -6.350967232044e-03
1.203233520508e+03 -7.258063303457e-04
1.202322143555e+03 -7.909757870620e-04
1.201410766602e+03 1.667020400072e-03
1.200499389648e+03 1.255000889306e-04
1.199588134766e+03 -2.889157432455e-03
1.198676757812e+03 -2.773031366453e-03
1.197765380859e+03 2.477189867139e-04
1.196854003906e+03 -9.318233574955e-04
1.195942626953e+03 2.479529736988e-03
1.195031250000e+03 2.813795223370e-03
1.194119995117e+03 -3.996388505973e-04
1.193208618164e+03 -3.979882906167e-03
1.192297241211e+03 -4.006329249891e-03
1.191385864258e+03 -4.264555179972e-03
1.190474487305e+03 -7.946083923104e-03
1.189563110352e+03 -4.665820343380e-03
1.188651855469e+03 3.065252688087e-03
1.187740478516e+03 8.974975177761e-04
1.186829101562e+03 -4.165696818801e-03
1.185917724609e+03 -6.953157278347e-03
1.185006347656e+03 -4.116605000521e-03
1.184094970703e+03 -2.895900148610e-03
1.183183593750e+03 -3.939594217501e-03
1.182272338867e+03 -1.683688839775e-03
1.181360961914e+03 2.242663013168e-03
1.180449584961e+03 9.957040425212e-04
1.179538208008e+03 -1.127697998204e-03
1.178626831055e+03 -1.424821802104e-03
1.177715454102e+03 2.815223827564e-03
1.176804199219e+03 2.691452869460e-03
1.175892822266e+03 2.081202844289e-03
1.174981445312e+03 -7.505125879088e-03
1.174070068359e+03 -7.050611830858e-03
1.173158691406e+03 -1.334355513055e-02
1.172247314453e+03 -1.037653209381e-02
1.171336059570e+03 -4.239947997255e-03
1.170424682617e+03 2.217212305477e-03
1.169513305664e+03 1.117242198604e-02
1.168601928711e+03 1.800901498502e-02
1.167690551758e+03 1.760056579265e-02
1.166779174805e+03 2.069755461772e-02
1.165867797852e+03 2.240969382869e-02
1.164956542969e+03 2.855851118312e-02
1.164045166016e+03 2.393870085932e-02
1.163133789062e+03 1.276552928522e-02
1.162222412109e+03 -1.112849383760e-02
1.161311035156e+03 -6.973084780972e-03
1.160399658203e+03 1.594009093656e-02
1.159488403320e+03 1.989881419282e-02
1.158577026367e+03 1.865743916438e-02
1.157665649414e+03 2.104797272519e-02
1.156754272461e+03 1.546838547745e-02
1.155842895508e+03 1.486792635011e-02
1.154931518555e+03 1.021315813891e-02
1.154020141602e+03 -2.230583386272e-04
1.153108886719e+03 -9.442636819160e-04
1.152197509766e+03 -3.785790146399e-03
1.151286132812e+03 -1.526407981894e-02
1.150374755859e+03 -9.978594300252e-03
1.149463378906e+03 -5.311982407152e-03
1.148552001953e+03 -1.031805182828e-02
1.147640747070e+03 -1.732281081701e-04
1.146729370117e+03 -7.933034081557e-04
1.145817993164e+03 -4.672363026338e-03
1.144906616211e+03 1.303245606334e-03
1.143995239258e+03 -1.962864372978e-03
1.143083862305e+03 2.623601561229e-03
1.142172607422e+03 -4.069711878482e-03
1.141261230469e+03 -3.905589527623e-03
1.140349853516e+03 -1.427834548819e-04
1.139438476562e+03 -3.610633067919e-03
1.138527099609e+03 -2.300818075744e-03
1.137615722656e+03 -8.632917814216e-04
1.136704345703e+03 -3.067811873237e-03
1.135793090820e+03 -8.910193866510e-03
1.134881713867e+03 -4.590629318843e-03
1.133970336914e+03 -4.497132514933e-03
1.133058959961e+03 -6.466077277223e-04
1.132147583008e+03 3.842156413896e-04
1.131236206055e+03 -2.329330793392e-03
1.130324951172e+03 -3.726597009279e-03
1.129413574219e+03 -2.579156759695e-03
1.128502197266e+03 -7.104646900983e-04
1.127590820312e+03 -2.164746148886e-03
1.126679443359e+03 -1.608208494278e-03
1.125768066406e+03 -5.394636887243e-03
1.124856689453e+03 -1.931020113157e-03
1.123945434570e+03 1.216541824903e-03
1.123034057617e+03 6.126396947025e-03
1.122122680664e+03 4.160597998826e-03
1.121211303711e+03 -6.618810014389e-03
1.120299926758e+03 -2.630102044097e-03
1.119388549805e+03 9.312826837370e-04
1.118477294922e+03 3.000163220808e-03
1.117565917969e+03 4.593807081025e-04
1.116654541016e+03 -2.154272181790e-03
1.115743164062e+03 -9.803596604600e-04
1.114831787109e+03 5.972103164138e-04
1.113920410156e+03 3.291811503360e-04
1.113009155273e+03 -9.877856842960e-04
1.112097778320e+03 -3.141034752310e-03
1.111186401367e+03 -8.641333990458e-03
1.110275024414e+03 -1.518588019021e-03
1.109363647461e+03 5.456426879650e-03
1.108452270508e+03 1.502307843992e-03
1.107540893555e+03 -1.692296227726e-03
1.106629638672e+03 -2.937414785668e-04
1.105718261719e+03 -2.954682013661e-03
1.104806884766e+03 -4.572121420110e-04
1.103895507812e+03 6.222726163789e-03
1.102984130859e+03 3.071419623347e-03
1.102072753906e+03 -3.204177174171e-04
1.101161499023e+03 -2.125417989116e-04
1.100250122070e+03 2.619702463602e-03
1.099338745117e+03 1.015299368445e-03
1.098427368164e+03 3.223356876887e-03
1.097515991211e+03 9.375896303142e-04
1.096604614258e+03 3.084657815581e-03
1.095693359375e+03 -1.039674093037e-03
1.094781982422e+03 -7.073908188165e-03
1.093870605469e+03 -1.330208483935e-03
1.092959228516e+03 -2.781453860788e-04
1.092047851562e+03 5.307962669717e-03
1.091136474609e+03 -1.297284426318e-03
1.090225097656e+03 3.020539188802e-03
1.089313842773e+03 1.242896019842e-03
1.088402465820e+03 -8.781162917464e-04
1.087491088867e+03 3.543883134367e-04
1.086579711914e+03 2.748620402235e-03
1.085668334961e+03 -6.509462904169e-04
1.084756958008e+03 1.474313209942e-03
1.083845703125e+03 1.726817213062e-03
1.082934326172e+03 3.365578334447e-03
1.082022949219e+03 1.035063435126e-03
1.081111572266e+03 -3.778552950086e-03
1.080200195312e+03 1.150968129467e-03
1.079288818359e+03 -3.165770919485e-03
1.078377441406e+03 -2.175918682452e-03
1.077466186523e+03 7.305159915763e-04
1.076554809570e+03 -1.118145161332e-03
1.075643432617e+03 -1.639234501497e-03
1.074732055664e+03 4.846427074790e-04
1.073820678711e+03 4.845508269147e-04
1.072909301758e+03 2.064324268401e-04
1.071998046875e+03 2.142048222240e-03
1.071086669922e+03 1.905284852879e-03
1.070175292969e+03 -8.282354867458e-04
1.069263916016e+03 7.011281584925e-04
1.068352539062e+03 4.272925103008e-03
1.067441162109e+03 2.528664232196e-03
1.066529907227e+03 -1.674141605740e-03
1.065618530273e+03 1.998914932781e-03
1.064707153320e+03 1.736215912315e-03
1.063795776367e+03 -8.392147224396e-04
1.062884399414e+03 -1.102412633806e-03
1.061973022461e+03 -1.081993109716e-05
1.061061645508e+03 -2.766629886905e-04
1.060150390625e+03 -8.961189218816e-04
1.059239013672e+03 9.447201939120e-04
1.058327636719e+03 -3.321911731192e-03
1.057416259766e+03 -3.306896128367e-03
1.056504882812e+03 1.086947850356e-03
1.055593505859e+03 1.591721997762e-04
1.054682250977e+03 -2.785978449588e-04
1.053770874023e+03 -1.466970274984e-03
1.052859497070e+03 -1.560608103490e-03
1.051948120117e+03 4.795379866440e-04
1.051036743164e+03 3.663916165810e-04
1.050125366211e+03 -3.219971213693e-04
1.049213989258e+03 1.872988789829e-03
1.048302734375e+03 4.088113978965e-03
1.047391357422e+03 -8.530990886577e-04
1.046479980469e+03 -8.549149442470e-04
1.045568603516e+03 8.185015709545e-04
1.044657226562e+03 -4.053575887096e-04
1.043745849609e+03 -3.290366329075e-03
1.042834594727e+03 -4.936218198153e-04
1.041923217773e+03 -3.585018805075e-03
1.041011840820e+03 -1.079418710480e-03
1.040100463867e+03 6.104650787392e-04
1.039189086914e+03 -7.464884278094e-04
1.038277709961e+03 -1.193689999057e-03
1.037366455078e+03 -4.730079398708e-03
1.036455078125e+03 -2.897780317615e-03
1.035543701172e+03 -1.075588590330e-04
1.034632324219e+03 -7.998111478895e-05
1.033720947266e+03 -1.586928562199e-03
1.032809570312e+03 -2.499525188911e-03
1.031898193359e+03 -1.527066184096e-03
1.030986938477e+03 -1.010635185561e-03
1.030075561523e+03 1.849359957797e-03
1.029164184570e+03 2.879097002404e-04
1.028252807617e+03 3.548271377535e-05
1.027341430664e+03 -2.370401733453e-03
1.026430053711e+03 -9.222049704124e-05
1.025518798828e+03 -5.572904017026e-04
1.024607421875e+03 -2.532218814961e-03
1.023696044922e+03 3.522710669467e-04
1.022784667969e+03 -2.069518187591e-03
1.021873291016e+03 -5.856882373524e-03
1.020961975098e+03 3.099522737857e-03
1.020050598145e+03 4.537264085748e-03
1.019139221191e+03 4.995223282609e-03
1.018227905273e+03 -3.732054112791e-04
1.017316528320e+03 1.844279972891e-03
1.016405151367e+03 3.846256915628e-03
1.015493835449e+03 9.322523321443e-04
1.014582458496e+03 9.035712313672e-04
1.013671081543e+03 1.241128145994e-03
1.012759704590e+03 -1.322723809126e-03
1.011848388672e+03 1.263017356781e-03
1.010937011719e+03 1.246918022253e-03
1.010025634766e+03 1.067164590978e-03
1.009114318848e+03 -3.066042330459e-03
1.008202941895e+03 2.534239487020e-05
1.007291564941e+03 5.303250207068e-04
1.006380249023e+03 3.752165972591e-03
1.005468872070e+03 -4.148236471750e-03
1.004557495117e+03 -1.520934177160e-03
1.003646179199e+03 1.025069047025e-03
1.002734802246e+03 7.912313121863e-04
1.001823425293e+03 -2.466996786945e-03
1.000912109375e+03 -3.548767496820e-03
1.000000732422e+03 -2.455214617044e-03
9.990893554688e+02 -2.091590503856e-03
9.981780395508e+02 2.776729238791e-03
9.972666625977e+02 4.190791150304e-04
9.963552856445e+02 3.850688521178e-04
9.954439086914e+02 -1.503415536763e-03
9.945325927734e+02 -1.940144988659e-03
9.936212158203e+02 2.108498673452e-03
9.927098388672e+02 -3.676072533689e-04
9.917985229492e+02 1.786073531108e-03
9.908871459961e+02 4.662503940787e-03
9.899757690430e+02 -1.455519149295e-03
9.890644531250e+02 -1.912192346083e-04
9.881530761719e+02 -1.917879195709e-03
9.872416992188e+02 -1.029824425020e-03
9.863303833008e+02 -1.339845244151e-03
9.854190063477e+02 -5.005721091565e-04
9.845076293945e+02 -1.769269431227e-03
9.835963134766e+02 3.162620515836e-04
9.826849365234e+02 1.771050418097e-03
9.817735595703e+02 2.395594949066e-03
9.808621826172e+02 1.846333531815e-04
9.799508666992e+02 -3.679637130035e-03
9.790394897461e+02 -2.888263124322e-03
9.781281127930e+02 4.341739920367e-04
9.772167968750e+02 3.211944255800e-04
9.763054199219e+02 -1.668834407917e-03
9.753940429688e+02 1.293041290664e-03
9.744827270508e+02 6.447697588087e-04
9.735713500977e+02 1.118143850030e-03
9.726599731445e+02 6.427218265634e-03
9.717486572266e+02 3.119765191440e-03
9.708372802734e+02 7.397323006078e-03
9.699259033203e+02 1.403101987725e-03
9.690145874023e+02 4.613515119338e-03
9.681032104492e+02 3.340765158067e-03
9.671918334961e+02 3.016652727359e-03
9.662804565430e+02 -1.572783306438e-03
9.653691406250e+02 -6.187082584520e-03
9.644577636719e+02 -5.441103716843e-03
9.635463867188e+02 7.290317464439e-05
9.626350708008e+02 -3.588092259125e-03
9.617236938477e+02 -2.027198887791e-03
9.608123168945e+02 2.419324751371e-03
9.599010009766e+02 1.523284984462e-03
9.589896240234e+02 1.644247967616e-03
9.580782470703e+02 3.675846036028e-03
9.571669311523e+02 -2.326889387026e-03
9.562555541992e+02 -4.089376643820e-03
9.553441772461e+02 -2.405032748968e-03
9.544328613281e+02 -1.838524667327e-03
9.535214843750e+02 3.067050841096e-03
9.526101074219e+02 -2.467143891216e-03
9.516987304688e+02 -1.132222467794e-03
9.507874145508e+02 -4.256665431978e-03
9.498760375977e+02 -1.706082425090e-03
9.489646606445e+02 2.909984428817e-04
9.480533447266e+02 -5.804717339613e-03
9.471419677734e+02 -2.030555106288e-03
9.462305908203e+02 -1.612884359674e-03
9.453192749023e+02 6.676439363974e-04
9.444078979492e+02 7.299180377515e-04
9.434965209961e+02 2.112929444536e-03
9.425852050781e+02 -2.898698706025e-03
9.416738281250e+02 -1.086602739447e-03
9.407624511719e+02 -9.773949252881e-04
9.398511352539e+02 -1.982302044609e-03
9.389397583008e+02 -4.372362344517e-03
9.380283813477e+02 -1.541231943856e-04
9.371170043945e+02 1.195878085671e-03
9.362056884766e+02 -1.701181134917e-03
9.352943115234e+02 -3.513056445090e-03
9.343829345703e+02 1.161826069703e-03
9.334716186523e+02 -2.649213201469e-03
9.325602416992e+02 -1.559876039209e-03
9.316488647461e+02 -9.448946567156e-04
9.307375488281e+02 1.276282967152e-03
9.298261718750e+02 -3.406814260173e-03
9.289147949219e+02 -1.726483069407e-03
9.280034790039e+02 4.170440633495e-04
9.270921020508e+02 3.314948477840e-03
9.261807250977e+02 -2.394736165303e-03
9.252694091797e+02 -4.555511690985e-03
9.243580322266e+02 -1.430244513734e-03
9.234466552734e+02 -1.681827625049e-03
9.225352783203e+02 -6.501483272366e-03
9.216239624023e+02 -1.851813761930e-03
9.207125854492e+02 -8.670917565205e-04
9.198012084961e+02 -1.111881666543e-03
9.188898925781e+02 4.745268093430e-03
9.179785156250e+02 2.429646130569e-03
9.170671386719e+02 9.653969269574e-04
9.161558227539e+02 8.127965121089e-04
9.152444458008e+02 -7.030780649343e-04
9.143330688477e+02 -6.973168585106e-04
9.134217529297e+02 -1.736960851201e-03
9.125103759766e+02 -7.723940381707e-04
9.115989990234e+02 -1.938452216667e-03
9.106876831055e+02 7.894946711736e-04
9.097763061523e+02 3.023358429029e-04
9.088649291992e+02 -5.036048174685e-03
9.079535522461e+02 -3.525763440704e-03
9.070422363281e+02 -3.990186642389e-03
9.061308593750e+02 -5.847560206638e-03
9.052194824219e+02 -5.401895302810e-03
9.043081665039e+02 -4.514513230175e-03
9.033967895508e+02 -3.844741050230e-03
9.024854125977e+02 -1.269680917965e-04
9.015740966797e+02 -9.657974105847e-04
9.006627197266e+02 -1.233473359521e-03
8.997513427734e+02 -5.551738406661e-04
8.988400268555e+02 8.945839829964e-04
8.979286499023e+02 2.620976989781e-04
8.970172729492e+02 1.855059354201e-03
8.961059570312e+02 3.702046570186e-03
8.951945800781e+02 2.735858808764e-03
8.942832031250e+02 2.575706604273e-03
8.933718872070e+02 5.138652568749e-04
8.924605102539e+02 -3.729712663419e-03
8.915491333008e+02 -3.379805248575e-03
8.906377563477e+02 1.702645978737e-03
8.897264404297e+02 2.521556020341e-03
8.888150634766e+02 -3.075233367120e-03
8.879036865234e+02 -1.938464852852e-03
8.869923706055e+02 -2.049618818360e-03
8.860809936523e+02 -1.333308402448e-03
8.851696166992e+02 -2.981927536501e-03
8.842583007812e+02 -9.442495794564e-03
8.833469238281e+02 -5.529334330928e-03
8.824355468750e+02 -9.346361008160e-04
8.815242309570e+02 -6.119446568277e-03
8.806128540039e+02 -1.879847019792e-03
8.797014770508e+02 6.902653306756e-05
8.787901611328e+02 -2.267652857723e-03
8.778787841797e+02 8.688806708091e-04
8.769674072266e+02 6.143579774837e-04
8.760560302734e+02 -4.076868250892e-03
8.751447143555e+02 -3.607239596517e-04
8.742333374023e+02 4.053200914257e-03
8.733219604492e+02 1.935607644465e-03
8.724106445312e+02 1.617118077793e-03
8.714992675781e+02 -5.268705737501e-04
8.705878906250e+02 -9.191647608554e-04
8.696765747070e+02 3.164365918732e-03
8.687651977539e+02 5.977318570803e-04
8.678538208008e+02 1.661710579644e-03
8.669425048828e+02 2.883084255305e-04
8.660311279297e+02 2.629088526669e-03
8.651197509766e+02 9.172037083445e-04
8.642084350586e+02 3.762599408526e-03
8.632970581055e+02 2.253767359017e-03
8.623856811523e+02 -5.959177896304e-04
8.614743041992e+02 -4.048442079193e-03
8.605629882812e+02 3.727609990265e-04
8.596516113281e+02 -1.152927572652e-03
8.587402343750e+02 2.749907385786e-03
8.578289184570e+02 -4.614844541398e-03
8.569175415039e+02 -1.813029017732e-03
8.560061645508e+02 1.324087801882e-03
8.550948486328e+02 -1.388028568392e-03
8.541834716797e+02 -1.690404376211e-03
8.532720947266e+02 -6.058615018604e-03
8.523607788086e+02 -2.143473011737e-03
8.514494018555e+02 -1.512386513065e-03
8.505380249023e+02 2.267169344822e-03
8.496267089844e+02 1.346491162359e-03
8.487153320312e+02 4.366180508095e-04
8.478039550781e+02 1.952291223748e-04
8.468925781250e+02 -2.012403822162e-03
8.459812622070e+02 -6.036870170273e-04
8.450698852539e+02 -1.185641583491e-03
8.441585083008e+02 2.920876880144e-03
8.432471923828e+02 -1.812045064209e-03
8.423358154297e+02 -1.242701470272e-03
8.414244384766e+02 -1.710121414825e-04
8.405131225586e+02 4.424089105454e-04
8.396017456055e+02 1.258912265491e-03
8.386903686523e+02 -9.501052950093e-04
8.377790527344e+02 -1.763875121211e-04
8.368676757812e+02 1.568872407090e-03
8.359562988281e+02 -2.105508665909e-03
8.350449829102e+02 1.073052338069e-03
8.341336059570e+02 9.215979715823e-05
8.332222290039e+02 -4.265528881496e-03
8.323108520508e+02 -4.990782676758e-04
8.313995361328e+02 2.800792827122e-03
8.304881591797e+02 1.086368254763e-03
8.295767822266e+02 1.864827602269e-03
8.286654663086e+02 4.345091072470e-03
8.277540893555e+02 7.349977991403e-05
8.268427124023e+02 -1.990003322708e-03
8.259313964844e+02 2.283074219187e-04
8.250200195312e+02 -8.228853139720e-04
8.241086425781e+02 -1.744292342066e-03
8.231973266602e+02 -1.183770474393e-03
8.222859497070e+02 5.637487440847e-04
8.213745727539e+02 -1.263033330827e-03
8.204632568359e+02 -3.020713711210e-03
8.195518798828e+02 7.609846357351e-04
8.186405029297e+02 1.459138462707e-03
8.177291259766e+02 6.354498688206e-03
8.168178100586e+02 4.806818236734e-03
8.159064331055e+02 1.450619408844e-03
8.149950561523e+02 4.082959369040e-03
8.140837402344e+02 5.962950036033e-03
8.131723632812e+02 4.234648428827e-03
8.122609863281e+02 -1.220878420644e-03
8.113496704102e+02 -1.253133833324e-03
8.104382934570e+02 1.134593421467e-03
8.095269165039e+02 -6.685698945979e-04
8.086156005859e+02 3.263567125836e-03
8.077042236328e+02 -3.094504741784e-03
8.067928466797e+02 -4.331986633065e-03
8.058815307617e+02 2.586561802695e-03
8.049701538086e+02 1.028099466519e-03
8.040587768555e+02 -2.624250298214e-03
8.031474609375e+02 -7.221932754217e-04
8.022360839844e+02 4.005550038333e-04
8.013247070312e+02 6.832169022821e-04
8.004133300781e+02 -2.845892326106e-03
7.995020141602e+02 -3.392050188961e-03
7.985906372070e+02 2.986976526990e-03
7.976792602539e+02 4.180351932717e-03
7.967679443359e+02 6.402558392408e-04
7.958565673828e+02 3.801386536910e-03
7.949451904297e+02 -6.254032432060e-03
7.940338745117e+02 -1.615296082925e-03
7.931224975586e+02 1.081022790756e-03
7.922111206055e+02 4.128353314983e-03
7.912998046875e+02 -5.676862271056e-04
7.903884277344e+02 -8.130184798166e-04
7.894770507812e+02 1.613308506346e-03
7.885657348633e+02 -2.576037469672e-04
7.876543579102e+02 -4.424200268122e-03
7.867429809570e+02 2.046528675009e-03
7.858316040039e+02 3.162690074460e-03
7.849202880859e+02 1.503138494361e-03
7.840089111328e+02 3.776549041834e-03
7.830975341797e+02 -3.268221771977e-04
7.821862182617e+02 -6.344468894944e-04
7.812748413086e+02 2.514434457045e-03
7.803634643555e+02 1.963699791719e-03
7.794521484375e+02 -4.329244819276e-03
7.785407714844e+02 2.168517960789e-04
7.776293945312e+02 2.106478910363e-04
7.767180786133e+02 4.367009608743e-04
7.758067016602e+02 -8.019979679043e-05
7.748953247070e+02 1.511854481981e-03
7.739840087891e+02 -8.548857975743e-04
7.730726318359e+02 -1.489167880218e-03
7.721612548828e+02 5.319024577057e-04
7.712498779297e+02 1.960096452353e-03
7.703385620117e+02 2.499869703775e-03
7.694271850586e+02 -1.985330199126e-03
7.685158081055e+02 -2.437854405800e-03
7.676044921875e+02 2.884202438494e-04
7.666931152344e+02 -3.097768453868e-03
7.657817382812e+02 3.223446045439e-03
7.648704223633e+02 -2.029396630357e-03
7.639590454102e+02 1.025302578034e-03
7.630476684570e+02 -2.539467693784e-03
7.621363525391e+02 -1.316059890314e-03
7.612249755859e+02 7.088153698943e-04
7.603135986328e+02 6.647743302430e-04
7.594022827148e+02 1.386111802134e-03
7.584909057617e+02 2.267526972707e-03
7.575795288086e+02 -9.068143798481e-04
7.566681518555e+02 3.029058123456e-03
7.557568359375e+02 -1.497243356294e-03
7.548454589844e+02 -2.280677665318e-04
7.539340820312e+02 2.655525572069e-03
7.530227661133e+02 1.302686157112e-03
7.521113891602e+02 4.122948842375e-03
7.512000122070e+02 2.378762119745e-03
7.502886962891e+02 4.547693051335e-04
7.493773193359e+02 2.029207802834e-03
7.484659423828e+02 -1.733251892399e-03
7.475546264648e+02 2.004472589333e-03
7.466432495117e+02 -2.143076283202e-03
7.457318725586e+02 5.166592247315e-04
7.448205566406e+02 1.903470725824e-03
7.439091796875e+02 7.449183221821e-04
7.429978027344e+02 -2.094260792068e-03
7.420864257812e+02 -4.950648483339e-04
7.411751098633e+02 1.489958357055e-03
7.402637329102e+02 3.267356908540e-04
7.393523559570e+02 -2.015361643195e-03
7.384410400391e+02 -2.995332621748e-03
7.375296630859e+02 -4.703210577242e-03
7.366182861328e+02 2.011273956462e-03
7.357069702148e+02 -6.619678007070e-05
7.347955932617e+02 -4.803395976287e-03
7.338842163086e+02 -1.557563170265e-04
7.329729003906e+02 3.910606093184e-03
7.320615234375e+02 1.733990990029e-03
7.311501464844e+02 2.589867834079e-04
7.302388305664e+02 -1.872871011045e-03
7.293274536133e+02 -2.940087696486e-03
7.284160766602e+02 -3.521620917695e-03
7.275046997070e+02 -4.532530523053e-03
7.265933837891e+02 1.375373071194e-03
7.256820068359e+02 6.516458105612e-04
7.247706298828e+02 2.844724492245e-04
7.238593139648e+02 2.194034203790e-03
7.229479370117e+02 1.403695530806e-03
7.220365600586e+02 -5.241209517514e-04
7.211252441406e+02 3.248591279311e-04
7.202138671875e+02 1.865131228344e-03
7.193024902344e+02 3.477032349751e-03
7.183911743164e+02 6.789973700688e-04
7.174797973633e+02 1.252704620257e-04
7.165684204102e+02 2.456889507641e-03
7.156571044922e+02 4.936032529676e-03
7.147457275391e+02 -3.603589407898e-04
7.138343505859e+02 -1.402233428800e-03
7.129229736328e+02 4.439754622455e-05
7.120116577148e+02 -2.617235308028e-03
7.111002807617e+02 -2.993281327800e-04
7.101889038086e+02 1.655172665058e-03
7.092775878906e+02 -2.875185387800e-03
7.083662109375e+02 -1.922848435180e-03
7.074548339844e+02 9.978594657880e-04
7.065435180664e+02 4.531313634568e-03
7.056321411133e+02 1.211801109651e-03
7.047207641602e+02 -1.992278789735e-03
7.038094482422e+02 2.140558582888e-03
7.028980712891e+02 2.563699605641e-03
7.019866943359e+02 -6.372797046800e-05
7.010753784180e+02 -3.757626950405e-03
7.001640014648e+02 -2.091657976317e-03
6.992526245117e+02 -2.195617541649e-03
6.983413085938e+02 -2.639351314499e-04
6.974299316406e+02 1.559016182562e-03
6.965185546875e+02 2.583843115509e-03
6.956071777344e+02 6.138278775897e-03
6.946958618164e+02 2.848314897403e-03
6.937844848633e+02 6.297895611443e-04
6.928731079102e+02 3.025495196041e-03
6.919617919922e+02 -1.164057071662e-03
6.910504150391e+02 3.662560875333e-03
6.901390380859e+02 3.605018310115e-03
6.892277221680e+02 5.579958703907e-03
6.883163452148e+02 7.610498312987e-03
6.874049682617e+02 2.444482681033e-03
6.864936523438e+02 2.493593334382e-03
6.855822753906e+02 2.875959056126e-03
6.846708984375e+02 5.109443430399e-03
6.837595825195e+02 3.797211827392e-03
6.828482055664e+02 5.118015055562e-03
6.819368286133e+02 -2.326788297543e-03
6.810254516602e+02 -1.186801609143e-03
6.801141357422e+02 2.402797336264e-03
6.792027587891e+02 -1.330314222580e-03
6.782913818359e+02 3.128410726366e-03
6.773800659180e+02 4.221113405448e-03
6.764686889648e+02 -7.223682746671e-04
6.755573120117e+02 1.509807896801e-03
6.746459960938e+02 -1.963687274743e-03
6.737346191406e+02 2.895962137444e-03
6.728232421875e+02 2.237897740801e-03
6.719119262695e+02 6.974179479930e-04
6.710005493164e+02 5.714968714363e-04
6.700891723633e+02 1.645160395562e-03
6.691778564453e+02 1.083753041244e-03
6.682664794922e+02 6.317184271455e-04
6.673551025391e+02 5.426505346551e-03
6.664437255859e+02 3.570349386044e-03
6.655324096680e+02 -5.132816081656e-04
6.646210327148e+02 -5.786042488262e-04
6.637096557617e+02 2.645579702151e-03
6.627983398438e+02 -1.628599840271e-04
6.618869628906e+02 5.813463010347e-03
6.609755859375e+02 5.637418537874e-03
6.600642700195e+02 7.233185158011e-03
6.591528930664e+02 1.878065436875e-03
6.582415161133e+02 -4.687481149157e-04
6.573302001953e+02 1.058463266102e-03
6.564188232422e+02 1.967377636895e-03
6.555074462891e+02 -1.682167252331e-03
6.545961303711e+02 1.517584395964e-03
6.536847534180e+02 -4.188313206289e-03
6.527733764648e+02 -2.916075368151e-03
6.518619995117e+02 1.143221790254e-03
6.509506835938e+02 -1.997701501365e-03
6.500393066406e+02 3.352023760745e-03
6.491279296875e+02 5.383709328779e-04
6.482166137695e+02 6.657798010435e-04
6.473052368164e+02 -1.518933368349e-03
6.463938598633e+02 -3.916336960842e-03
6.454825439453e+02 -2.478669522714e-03
6.445711669922e+02 -1.589448050653e-03
6.436597900391e+02 1.536832405607e-03
6.427484741211e+02 2.352386824760e-03
6.418370971680e+02 -1.676456054206e-03
6.409257202148e+02 -8.040024424010e-04
6.400144042969e+02 -3.708918032381e-03
6.391030273438e+02 -2.384441965824e-03
6.381916503906e+02 2.366856687432e-03
6.372802734375e+02 1.260128438721e-03
6.363689575195e+02 1.070346048649e-03
6.354575805664e+02 -4.140482145515e-03
6.345462036133e+02 7.028481698085e-04
6.336348876953e+02 5.110212211144e-04
6.327235107422e+02 2.443615791038e-03
6.318121337891e+02 -1.600045280161e-03
6.309008178711e+02 -5.679368050441e-04
6.299894409180e+02 1.552804186189e-03
6.290780639648e+02 -1.260369360707e-03
6.281667480469e+02 4.191492756611e-03
6.272553710938e+02 5.149894482125e-03
6.263439941406e+02 -1.933375808040e-03
6.254326782227e+02 -1.490543674694e-03
6.245213012695e+02 -3.106812147840e-03
6.236099243164e+02 2.045847751515e-03
6.226985473633e+02 -3.213599178841e-04
