#title: Spectral profile - NGC_1052.Line.NatClean.image-raster
#region (world): Point[[02:41:04.798, -08d15m20.751]]
#region (pixel): Point[[256, 256]]
#coordinate: world
#xLabel: radio velocity [km/s]
#yLabel: [Jy/beam] Mean

# NGC_1052.Line.NatClean.image-raster
2.370679443359e+03 -1.643073279221e-03
2.369768066406e+03 2.746352683812e-04
2.368856689453e+03 -3.570248296561e-03
2.367945312500e+03 -5.837435045940e-03
2.367033935547e+03 2.210480079739e-03
2.366122558594e+03 -5.259670865017e-04
2.365211181641e+03 -1.548205210789e-03
2.364299804688e+03 -4.622882585756e-03
2.363388427734e+03 -6.101825527095e-04
2.362477050781e+03 -1.476977418480e-03
2.361565673828e+03 8.474972501605e-05
2.360654296875e+03 1.507197839084e-04
2.359742919922e+03 -1.310771885188e-03
2.358831542969e+03 1.055883934582e-03
2.357920166016e+03 1.715381942209e-03
2.357008789062e+03 -1.533731295001e-03
2.356097656250e+03 -2.583674017123e-04
2.355186279297e+03 2.400037201496e-05
2.354274902344e+03 6.088747671364e-04
2.353363525391e+03 3.883744901112e-03
2.352452148438e+03 1.136886293051e-03
2.351540771484e+03 -3.962877282972e-04
2.350629394531e+03 2.711132178332e-03
2.349718017578e+03 4.651818496401e-03
2.348806640625e+03 1.153953845475e-03
2.347895263672e+03 -5.176542647186e-04
2.346983886719e+03 -4.279166424868e-03
2.346072509766e+03 -2.548713805139e-03
2.345161132812e+03 9.812309015941e-04
2.344249755859e+03 2.694763073170e-03
2.343338378906e+03 3.394785327030e-03
2.342427001953e+03 2.291689981591e-03
2.341515869141e+03 -5.380671279891e-03
2.340604492188e+03 -2.739482532920e-03
2.339693115234e+03 -8.190732987344e-04
2.338781738281e+03 1.197570619244e-03
2.337870361328e+03 3.782167614336e-04
2.336958984375e+03 4.341826168292e-03
2.336047607422e+03 3.195243033541e-03
2.335136230469e+03 -8.609010390061e-04
2.334224853516e+03 1.009115267047e-03
2.333313476562e+03 -4.268750751118e-04
2.332402099609e+03 8.744100896594e-05
2.331490722656e+03 1.002913403463e-03
2.330579345703e+03 1.684286912809e-03
2.329667968750e+03 -7.579280498012e-04
2.328756591797e+03 6.809479917664e-04
2.327845214844e+03 -2.744352709467e-03
2.326934082031e+03 -5.110317115324e-04
2.326022705078e+03 -4.454580041751e-03
2.325111328125e+03 3.471837447084e-03
2.324199951172e+03 -4.952380892422e-04
2.323288574219e+03 -5.244401704021e-03
2.322377197266e+03 -3.307576575024e-03
2.321465820312e+03 -3.762990415015e-03
2.320554443359e+03 -5.019097566580e-03
2.319643066406e+03 -2.529177785840e-03
2.318731689453e+03 3.502875136814e-04
2.317820312500e+03 5.347318903276e-04
2.316908935547e+03 -1.483325194241e-03
2.315997558594e+03 3.483967946546e-03
2.315086181641e+03 2.727744708876e-03
2.314174804688e+03 3.839409533711e-03
2.313263427734e+03 2.270028698977e-03
2.312352294922e+03 1.136551076513e-03
2.311440917969e+03 1.097625903766e-03
2.310529541016e+03 -2.603814725573e-04
2.309618164062e+03 -3.264732515906e-03
2.308706787109e+03 -2.459995863456e-03
2.307795410156e+03 1.890092701087e-03
2.306884033203e+03 1.214944181929e-03
2.305972656250e+03 8.326062396755e-06
2.305061279297e+03 -1.743858301022e-03
2.304149902344e+03 5.600258973998e-04
2.303238525391e+03 5.699451240405e-04
2.302327148438e+03 1.430168368796e-04
2.301415771484e+03 3.000496529998e-03
2.300504394531e+03 3.012164020557e-03
2.299593017578e+03 -1.439817139349e-03
2.298681640625e+03 -7.509267686841e-04
2.297770263672e+03 9.607133129578e-04
2.296859130859e+03 3.489028142710e-03
2.295947753906e+03 -1.729503952157e-03
2.295036376953e+03 4.727008567264e-03
2.294125000000e+03 8.458689256937e-04
2.293213623047e+03 1.206227121425e-03
2.292302246094e+03 5.274046671555e-03
2.291390869141e+03 4.110231117924e-03
2.290479492188e+03 6.198871430142e-04
2.289568115234e+03 -4.704392179776e-03
2.288656738281e+03 -1.188339647469e-03
2.287745361328e+03 -2.561565044001e-03
2.286833984375e+03 -2.805448605751e-04
2.285922607422e+03 -1.061965277568e-03
2.285011230469e+03 2.146916014601e-03
2.284099853516e+03 3.516323018197e-03
2.283188476562e+03 1.925356717960e-03
2.282277343750e+03 4.003756236463e-03
2.281365966797e+03 2.193039044593e-03
2.280454589844e+03 7.559774281037e-04
2.279543212891e+03 -1.073784044723e-03
2.278631835938e+03 -1.236237227030e-03
2.277720458984e+03 5.166902310692e-03
2.276809082031e+03 -1.032211948785e-03
2.275897705078e+03 -3.359467189138e-03
2.274986328125e+03 -3.736808954344e-03
2.274074951172e+03 -2.775653255692e-03
2.273163574219e+03 1.388926214385e-03
2.272252197266e+03 -1.788787449923e-03
2.271340820312e+03 -9.218126377207e-04
2.270429443359e+03 1.782032000724e-05
2.269518066406e+03 1.070802262622e-03
2.268606689453e+03 1.348615352790e-03
2.267695556641e+03 6.084902575547e-03
2.266784179688e+03 4.348805634108e-03
2.265872802734e+03 -4.968541500527e-04
2.264961425781e+03 -1.668957849142e-04
2.264050048828e+03 1.315618339085e-03
2.263138671875e+03 -2.008910989812e-03
2.262227294922e+03 4.467798683660e-04
2.261315917969e+03 -1.069659760737e-03
2.260404541016e+03 -4.438637944283e-03
2.259493164062e+03 -4.229500017785e-03
2.258581787109e+03 -1.537124110752e-03
2.257670410156e+03 3.614112787246e-03
2.256759033203e+03 -4.088882104059e-04
2.255847656250e+03 1.063829234108e-03
2.254936279297e+03 -6.755453669027e-04
2.254024902344e+03 -2.444878217474e-03
2.253113769531e+03 4.868296377624e-03
2.252202392578e+03 2.707401165811e-03
2.251291015625e+03 1.795824016991e-03
2.250379638672e+03 6.318947972978e-04
2.249468261719e+03 -8.567934443210e-04
2.248556884766e+03 -1.338777128866e-03
2.247645507812e+03 7.694470055791e-04
2.246734130859e+03 7.214782580690e-04
2.245822753906e+03 -7.292715061389e-04
2.244911376953e+03 -1.685992917033e-03
2.244000000000e+03 2.057561733700e-03
2.243088623047e+03 5.312534107770e-03
2.242177246094e+03 9.649134885618e-05
2.241265869141e+03 1.258160412466e-03
2.240354492188e+03 5.988211320153e-04
2.239443115234e+03 -1.798280562938e-03
2.238531982422e+03 -8.462555214381e-04
2.237620605469e+03 -5.467360279370e-04
2.236709228516e+03 -2.685234435785e-03
2.235797851562e+03 -1.038398911206e-03
2.234886474609e+03 -2.728243242149e-03
2.233975097656e+03 1.515731406680e-03
2.233063720703e+03 -5.042823554188e-03
2.232152343750e+03 -3.245608960768e-03
2.231240966797e+03 -1.108636089173e-04
2.230329589844e+03 -7.703429826419e-04
2.229418212891e+03 9.458232375206e-04
2.228506835938e+03 5.080348494554e-04
2.227595458984e+03 -4.966294107289e-04
2.226684082031e+03 3.313482859160e-04
2.225772705078e+03 -6.467426726444e-04
2.224861328125e+03 -1.600261645031e-03
2.223950195312e+03 -3.184414359187e-04
2.223038818359e+03 -2.107041935864e-03
2.222127441406e+03 1.156663234336e-03
2.221216064453e+03 4.393393904029e-04
2.220304687500e+03 3.527297843147e-04
2.219393310547e+03 1.598429040536e-03
2.218481933594e+03 3.732714591891e-03
2.217570556641e+03 -2.968257806619e-04
2.216659179688e+03 -4.609141345198e-05
2.215747802734e+03 4.048053456890e-03
2.214836425781e+03 -8.419972462038e-04
2.213925048828e+03 1.886570185623e-03
2.213013671875e+03 -1.806848731031e-03
2.212102294922e+03 -7.262231694883e-03
2.211190917969e+03 6.325097384471e-04
2.210279541016e+03 -8.576084782724e-04
2.209368408203e+03 6.909270018686e-04
2.208457031250e+03 2.201406106606e-03
2.207545654297e+03 -7.125173102490e-05
2.206634277344e+03 1.889932603004e-03
2.205722900391e+03 3.775823057226e-03
2.204811523438e+03 3.662241871259e-03
2.203900146484e+03 5.974687025611e-04
2.202988769531e+03 -3.452481493425e-04
2.202077392578e+03 -2.543427349734e-03
2.201166015625e+03 5.088779214330e-03
2.200254638672e+03 2.221560106892e-03
2.199343261719e+03 -4.406737596489e-04
2.198431884766e+03 -1.279300512042e-03
2.197520507812e+03 -1.293646754675e-04
2.196609130859e+03 -4.466869089576e-03
2.195697753906e+03 -1.760815227219e-03
2.194786621094e+03 -1.861901967746e-03
2.193875244141e+03 6.972989175117e-04
2.192963867188e+03 3.074585345391e-03
2.192052490234e+03 3.294784225555e-03
2.191141113281e+03 -1.167497392318e-04
2.190229736328e+03 3.675710614269e-03
2.189318359375e+03 2.866174595593e-03
2.188406982422e+03 2.382744902298e-03
2.187495605469e+03 8.134156613464e-03
2.186584228516e+03 2.228239403703e-03
2.185672851562e+03 -3.758408248125e-03
2.184761474609e+03 3.870451395766e-03
2.183850097656e+03 -1.008497449973e-04
2.182938720703e+03 5.771952545615e-04
2.182027343750e+03 -2.315422168082e-03
2.181115966797e+03 -3.482533143469e-03
2.180204833984e+03 4.156124312396e-03
2.179293457031e+03 4.756992566033e-03
2.178382080078e+03 7.935271640028e-04
2.177470703125e+03 -2.090726236465e-03
2.176559326172e+03 5.773322856463e-04
2.175647949219e+03 -3.238161479259e-03
2.174736572266e+03 -2.368727558111e-03
2.173825195312e+03 -7.298546780111e-04
2.172913818359e+03 -2.225953923095e-03
2.172002441406e+03 -5.503649019344e-03
2.171091064453e+03 -5.749445711469e-03
2.170179687500e+03 1.658030469492e-03
2.169268310547e+03 5.687973769462e-03
2.168356933594e+03 -8.367373744711e-04
2.167445556641e+03 1.367172425357e-03
2.166534179688e+03 5.195806750083e-03
2.165623046875e+03 1.926847668615e-03
2.164711669922e+03 2.546490551784e-03
2.163800292969e+03 -1.656803120390e-04
2.162888916016e+03 3.760236084249e-04
2.161977539062e+03 -1.965826008708e-03
2.161066162109e+03 -2.360075585883e-03
2.160154785156e+03 -1.085513166488e-03
2.159243408203e+03 4.171753604672e-03
2.158332031250e+03 2.687688955173e-03
2.157420654297e+03 1.944242092926e-03
2.156509277344e+03 -1.217123208636e-03
2.155597900391e+03 -1.395216054428e-03
2.154686523438e+03 -4.966131923043e-03
2.153775146484e+03 -1.895917267252e-03
2.152863769531e+03 -1.400702543031e-03
2.151952392578e+03 -4.966686961521e-03
2.151041259766e+03 -4.284474576365e-03
2.150129882812e+03 1.521793556969e-03
2.149218505859e+03 -6.132175617610e-04
2.148307128906e+03 1.876099914015e-03
2.147395751953e+03 2.507374368493e-05
2.146484375000e+03 -1.090279034902e-03
2.145572998047e+03 -2.494958280812e-03
2.144661621094e+03 -1.440765568501e-03
2.143750244141e+03 -1.574581697866e-03
2.142838867188e+03 -1.169776376019e-03
2.141927490234e+03 -8.152558594738e-04
2.141016113281e+03 1.342780296208e-03
2.140104736328e+03 -3.766303002910e-03
2.139193359375e+03 -1.709669790411e-03
2.138281982422e+03 1.536416245957e-03
2.137370605469e+03 1.269266069618e-03
2.136459228516e+03 1.465893219002e-03
2.135548095703e+03 -4.213050088720e-03
2.134636718750e+03 1.811294203974e-06
2.133725341797e+03 -9.931851501134e-04
2.132813964844e+03 -1.194807109363e-03
2.131902587891e+03 -4.489242766939e-03
2.130991210938e+03 -5.070125343815e-03
2.130079833984e+03 4.120441572873e-04
2.129168457031e+03 -1.493406128291e-03
2.128257080078e+03 -2.701583513786e-03
2.127345703125e+03 1.547726585468e-03
2.126434326172e+03 1.800771560370e-03
2.125522949219e+03 1.558057382201e-03
2.124611572266e+03 -2.741940151750e-04
2.123700195312e+03 -1.108882837513e-03
2.122788818359e+03 2.607255582670e-03
2.121877441406e+03 1.398060030584e-03
2.120966308594e+03 1.965109560844e-03
2.120054931641e+03 2.367707603381e-03
2.119143554688e+03 -1.943759533699e-03
2.118232177734e+03 -7.090640404842e-03
2.117320800781e+03 2.719113717484e-03
2.116409423828e+03 2.679165252147e-03
2.115498046875e+03 2.240295754983e-03
2.114586669922e+03 6.007085280829e-05
2.113675292969e+03 -1.700358709989e-03
2.112763916016e+03 7.673145301016e-04
2.111852539062e+03 -5.534464383738e-04
2.110941162109e+03 -1.246465146141e-03
2.110029785156e+03 8.770714222739e-04
2.109118408203e+03 -1.108783059332e-03
2.108207031250e+03 -5.261044275307e-03
2.107295654297e+03 -4.357294289602e-03
2.106384521484e+03 1.807285871517e-03
2.105473144531e+03 1.754952633290e-03
2.104561767578e+03 -4.306307520365e-03
2.103650390625e+03 -4.778704870226e-03
2.102739013672e+03 -1.751283251974e-03
2.101827636719e+03 -6.577576711268e-04
2.100916259766e+03 -2.560399415512e-03
2.100004882812e+03 -2.741783987573e-03
2.099093505859e+03 3.641171151492e-03
2.098182128906e+03 1.892325252768e-03
2.097270751953e+03 5.776402628605e-04
2.096359375000e+03 4.328074660834e-04
2.095447998047e+03 -1.261380732367e-03
2.094536621094e+03 -4.329627063881e-04
2.093625244141e+03 -1.017667222676e-03
2.092713867188e+03 -1.663772423614e-03
2.091802734375e+03 2.418511177734e-04
2.090891357422e+03 -9.811289180420e-04
2.089979980469e+03 3.974698970755e-04
2.089068603516e+03 -1.755078399097e-03
2.088157226562e+03 1.773035133653e-03
2.087245849609e+03 1.709551653999e-03
2.086334472656e+03 -2.227295981340e-03
2.085423095703e+03 -1.905949683118e-03
2.084511718750e+03 -1.002933311415e-03
2.083600341797e+03 -3.763064920824e-04
2.082688964844e+03 4.161851603775e-04
2.081777587891e+03 1.102696471137e-03
2.080866210938e+03 -2.673548586993e-03
2.079954833984e+03 -3.866759007056e-03
2.079043457031e+03 5.630970641206e-05
2.078132080078e+03 7.809236420571e-04
2.077220947266e+03 8.109462646379e-04
2.076309570312e+03 2.634821301676e-03
2.075398193359e+03 -3.409763498137e-03
2.074486816406e+03 -3.798787297437e-03
2.073575439453e+03 5.492210649050e-04
2.072664062500e+03 1.873711674995e-03
2.071752685547e+03 -1.380508846050e-03
2.070841308594e+03 -3.835825625460e-03
2.069929931641e+03 -5.040141821883e-03
2.069018554688e+03 -1.564421608844e-03
2.068107177734e+03 -2.526533246835e-03
2.067195800781e+03 -2.893209833236e-03
2.066284423828e+03 -2.402557725581e-03
2.065373046875e+03 1.571697548178e-03
2.064461669922e+03 3.150648028295e-03
2.063550292969e+03 -1.292529525160e-03
2.062639160156e+03 -5.212231406778e-03
2.061727783203e+03 -1.789342488401e-03
2.060816406250e+03 -1.847368924148e-03
2.059905029297e+03 4.444427224496e-03
2.058993652344e+03 2.446981486674e-04
2.058082275391e+03 -1.201347288926e-03
2.057170898438e+03 -2.905276674935e-03
2.056259521484e+03 -1.744113170495e-03
2.055348144531e+03 -3.213124129799e-04
2.054436767578e+03 -4.285029138007e-03
2.053525390625e+03 -3.002298974541e-03
2.052614013672e+03 -3.519658732696e-03
2.051702636719e+03 -7.664412028049e-04
2.050791259766e+03 -2.057060816242e-03
2.049879882812e+03 -3.590066603472e-03
2.048968505859e+03 -2.261983263643e-03
2.048057373047e+03 8.405612510337e-04
2.047145874023e+03 1.139478856803e-03
2.046234497070e+03 -8.836606564621e-05
2.045323120117e+03 -2.060573437334e-03
2.044411865234e+03 2.124682914800e-04
2.043500488281e+03 -1.708427987182e-03
2.042589111328e+03 4.899775260956e-03
2.041677734375e+03 2.143482786899e-03
2.040766357422e+03 -7.760139178268e-05
2.039854980469e+03 6.549071980643e-04
2.038943603516e+03 -2.021579838452e-03
2.038032226562e+03 -2.713919768492e-03
2.037120971680e+03 -7.129814486597e-03
2.036209594727e+03 -1.833876100860e-03
2.035298217773e+03 1.391577786738e-03
2.034386840820e+03 -3.620172910978e-04
2.033475463867e+03 -6.815759982545e-03
2.032564086914e+03 7.888895647911e-04
2.031652709961e+03 2.411764736287e-03
2.030741333008e+03 -8.593664577489e-04
2.029830078125e+03 -1.205257473018e-03
2.028918701172e+03 1.116834633945e-04
2.028007324219e+03 -9.358600822546e-04
2.027095947266e+03 4.026709747838e-03
2.026184570312e+03 4.975499747089e-04
2.025273193359e+03 2.022018528658e-03
2.024361816406e+03 1.452897736894e-03
2.023450439453e+03 5.095061544187e-03
2.022539184570e+03 -1.179404016723e-04
2.021627807617e+03 -3.572547843866e-03
2.020716430664e+03 2.791043652541e-04
2.019805053711e+03 4.837268820685e-04
2.018893676758e+03 -1.572604134868e-03
2.017982299805e+03 1.801648225527e-03
2.017070922852e+03 5.661326677285e-03
2.016159545898e+03 -1.308361234820e-03
2.015248291016e+03 1.856244443607e-04
2.014336914062e+03 3.893236583616e-03
2.013425537109e+03 -1.421857901397e-03
2.012514160156e+03 -1.687489708943e-03
2.011602783203e+03 1.734445654281e-03
2.010691406250e+03 -2.646158105651e-03
2.009780029297e+03 1.766323173495e-03
2.008868652344e+03 -3.478510246988e-04
2.007957397461e+03 -3.369134228514e-04
2.007046020508e+03 2.686092981129e-03
2.006134643555e+03 1.144779229894e-04
2.005223266602e+03 -1.345274273873e-03
2.004311889648e+03 1.281849206774e-03
2.003400512695e+03 -1.027463484929e-03
2.002489135742e+03 -1.924622336548e-05
2.001577758789e+03 1.523838234801e-03
2.000666503906e+03 -2.368611686676e-03
1.999755126953e+03 -2.812094345146e-03
1.998843750000e+03 5.480941555955e-03
1.997932373047e+03 5.958525463831e-03
1.997020996094e+03 8.090320613800e-04
1.996109619141e+03 -3.174166353310e-03
1.995198242188e+03 -4.456825468035e-03
1.994286865234e+03 -1.578509405725e-03
1.993375610352e+03 3.871060078427e-03
1.992464233398e+03 1.581585124750e-03
1.991552856445e+03 -1.496416162995e-03
1.990641479492e+03 2.271935749677e-04
1.989730102539e+03 -8.100030210895e-04
1.988818725586e+03 5.907152575687e-04
1.987907348633e+03 3.539203335065e-03
1.986995971680e+03 2.951586863520e-03
1.986084594727e+03 5.301832212502e-04
1.985173339844e+03 4.569971301657e-03
1.984261962891e+03 2.319334617151e-03
1.983350585938e+03 7.081923821176e-04
1.982439208984e+03 1.398362702985e-03
1.981527832031e+03 1.661468227147e-03
1.980616455078e+03 -1.535832597248e-03
1.979705078125e+03 1.049957325261e-03
1.978793701172e+03 -1.956654522372e-03
1.977882446289e+03 -5.892131608444e-03
1.976971069336e+03 -3.386789482763e-03
1.976059692383e+03 3.269731855724e-04
1.975148315430e+03 -1.032781530797e-03
1.974236938477e+03 1.094119481556e-03
1.973325561523e+03 -6.987614963547e-04
1.972414184570e+03 1.401370681329e-04
1.971502807617e+03 8.977494815227e-05
1.970591552734e+03 -7.399883621739e-04
1.969680175781e+03 -2.849265949160e-03
1.968768798828e+03 -1.966467950763e-03
1.967857421875e+03 -4.205378732154e-03
1.966946044922e+03 -2.030360318300e-03
1.966034667969e+03 -1.808982935043e-03
1.965123291016e+03 -4.206557473665e-03
1.964211914062e+03 -1.233718811460e-03
1.963300659180e+03 -1.489404272250e-03
1.962389282227e+03 -3.238073741218e-03
1.961477905273e+03 -2.012637233962e-03
1.960566528320e+03 -2.239136504192e-04
1.959655151367e+03 -5.620864658304e-03
1.958743774414e+03 2.380425894076e-04
1.957832397461e+03 2.958143851594e-03
1.956921020508e+03 1.738848768809e-03
1.956009765625e+03 3.583317688433e-03
1.955098388672e+03 3.958404252193e-03
1.954187011719e+03 1.497817706679e-03
1.953275634766e+03 1.034189750202e-03
1.952364257812e+03 5.298438323867e-04
1.951452880859e+03 1.174598988057e-03
1.950541503906e+03 -9.300767625067e-04
1.949630126953e+03 -2.714942584245e-03
1.948718872070e+03 2.543836714454e-03
1.947807495117e+03 -9.674674136013e-04
1.946896118164e+03 -7.851432934797e-04
1.945984741211e+03 2.638781196045e-04
1.945073364258e+03 1.700341901479e-03
1.944161987305e+03 -3.404507500706e-04
1.943250610352e+03 3.035178567091e-03
1.942339233398e+03 3.657799894500e-03
1.941427978516e+03 5.658111841012e-04
1.940516601562e+03 6.809975232285e-04
1.939605224609e+03 -3.372221630051e-03
1.938693847656e+03 -3.129618078107e-03
1.937782470703e+03 -2.350784890251e-03
1.936871093750e+03 -3.486746342689e-05
1.935959716797e+03 2.806939973639e-03
1.935048339844e+03 6.677821595752e-04
1.934137084961e+03 2.477787612348e-03
1.933225708008e+03 3.975526521683e-03
1.932314331055e+03 -2.289586414368e-03
1.931402954102e+03 2.098090509886e-03
1.930491577148e+03 1.617662864272e-03
1.929580200195e+03 -2.773504686960e-04
1.928668823242e+03 1.652286965648e-03
1.927757446289e+03 1.335536543385e-03
1.926846191406e+03 3.031185532539e-03
1.925934814453e+03 1.164177115423e-03
1.925023437500e+03 2.085733326499e-05
1.924112060547e+03 -1.438669392254e-03
1.923200683594e+03 -8.823413820932e-06
1.922289306641e+03 -3.308854737088e-03
1.921377929688e+03 -2.483589290327e-03
1.920466552734e+03 -1.138908619140e-04
1.919555297852e+03 2.977277420313e-03
1.918643920898e+03 -2.073401072755e-03
1.917732543945e+03 2.013862943935e-03
1.916821166992e+03 2.320662996130e-04
1.915909790039e+03 1.554228439243e-04
1.914998413086e+03 -2.136547905359e-03
1.914087036133e+03 -6.498964618377e-03
1.913175659180e+03 -7.709234603840e-03
1.912264404297e+03 -2.075388381113e-05
1.911353027344e+03 -2.051787950696e-03
1.910441650391e+03 -2.511178135937e-03
1.909530273438e+03 -3.537740875431e-04
1.908618896484e+03 -3.822795036214e-04
1.907707519531e+03 -1.858824341372e-03
1.906796142578e+03 -2.333795896753e-03
1.905884765625e+03 6.504140805184e-04
1.904973510742e+03 4.400047272819e-04
1.904062133789e+03 4.436639758077e-04
1.903150756836e+03 1.976690386246e-03
1.902239379883e+03 2.311029305554e-03
1.901328002930e+03 -2.354599349279e-04
1.900416625977e+03 -6.151793891323e-04
1.899505249023e+03 3.085686785514e-05
1.898593872070e+03 1.965797398477e-03
1.897682617188e+03 -9.479586932304e-04
1.896771240234e+03 1.661647756346e-03
1.895859863281e+03 -1.414821095910e-03
1.894948486328e+03 -2.449191448194e-03
1.894037109375e+03 -2.317760547815e-04
1.893125732422e+03 3.678183730307e-03
1.892214355469e+03 3.132047325125e-03
1.891302978516e+03 -1.847449032795e-04
1.890391723633e+03 -3.200265082730e-03
1.889480346680e+03 1.028494049286e-03
1.888568969727e+03 8.767089664118e-04
1.887657592773e+03 2.791491402654e-03
1.886746215820e+03 2.355176322268e-03
1.885834838867e+03 4.053862764264e-03
1.884923461914e+03 3.076059249117e-03
1.884012084961e+03 3.297236122339e-03
1.883100830078e+03 3.584985664891e-03
1.882189453125e+03 2.846246377713e-03
1.881278076172e+03 -1.834556309099e-03
1.880366699219e+03 -1.292237343177e-03
1.879455322266e+03 2.241476165424e-03
1.878543945312e+03 -4.688973649533e-03
1.877632568359e+03 -4.721428618573e-03
1.876721191406e+03 -4.409397334679e-03
1.875809936523e+03 -2.397437924770e-03
1.874898559570e+03 -4.514054512807e-03
1.873987182617e+03 -4.625920515435e-03
1.873075805664e+03 8.440650506386e-04
1.872164428711e+03 -1.474221895621e-03
1.871253051758e+03 -5.792544163223e-03
1.870341674805e+03 -1.195100245020e-03
1.869430297852e+03 1.507750701993e-03
1.868519042969e+03 -2.675114997133e-03
1.867607666016e+03 -2.593749407941e-03
1.866696289062e+03 -5.019068002675e-03
1.865784912109e+03 -2.173965557359e-03
1.864873535156e+03 -3.208616230301e-04
1.863962158203e+03 -1.641289550537e-03
1.863050781250e+03 -1.773507798509e-03
1.862139404297e+03 5.146494633026e-03
1.861228149414e+03 -1.821720537644e-04
1.860316772461e+03 -1.570024088091e-03
1.859405395508e+03 -2.592555407640e-04
1.858494018555e+03 5.251341562549e-05
1.857582641602e+03 2.076044181248e-03
1.856671264648e+03 1.788532938077e-03
1.855759887695e+03 2.620115881437e-03
1.854848510742e+03 3.921123929301e-03
1.853937255859e+03 4.468659613190e-03
1.853025878906e+03 -6.358364526440e-04
1.852114501953e+03 3.455727264511e-03
1.851203125000e+03 -1.347708527682e-03
1.850291748047e+03 1.157399232525e-03
1.849380371094e+03 -3.769982517016e-03
1.848468994141e+03 1.826588359807e-03
1.847557617188e+03 1.502462398843e-04
1.846646362305e+03 -2.760035407508e-03
1.845734985352e+03 -1.855117528337e-03
1.844823608398e+03 3.118254571251e-03
1.843912231445e+03 2.333974472278e-03
1.843000854492e+03 -7.077070810767e-04
1.842089477539e+03 -5.082557919631e-03
1.841178100586e+03 -1.879544108973e-03
1.840266723633e+03 2.015068865166e-03
1.839355468750e+03 -1.303944500630e-04
1.838444091797e+03 3.077225354443e-03
1.837532714844e+03 1.957571003433e-03
1.836621337891e+03 -2.102506975856e-03
1.835709960938e+03 -3.083449987002e-03
1.834798583984e+03 6.533348870651e-04
1.833887207031e+03 3.452160283979e-03
1.832975830078e+03 2.366099231570e-03
1.832064575195e+03 6.046382237566e-03
1.831153198242e+03 -2.284059156186e-03
1.830241821289e+03 1.420506902454e-03
1.829330444336e+03 -1.750993573387e-03
1.828419067383e+03 2.876091378444e-03
1.827507690430e+03 2.857919351900e-03
1.826596313477e+03 2.527434230688e-03
1.825684936523e+03 1.712177596354e-03
1.824773559570e+03 7.169959408853e-03
1.823862304688e+03 4.706014856702e-03
1.822950927734e+03 2.948288580741e-03
1.822039550781e+03 -1.805257048521e-03
1.821128173828e+03 5.056048275771e-04
1.820216796875e+03 -3.801072539626e-03
1.819305419922e+03 -1.566325977335e-03
1.818394042969e+03 -1.570042207904e-03
1.817482666016e+03 -2.539980055335e-03
1.816571411133e+03 9.473953101012e-04
1.815660034180e+03 3.091730920298e-04
1.814748657227e+03 1.723279915645e-03
1.813837280273e+03 2.230926858054e-03
1.812925903320e+03 -2.897793490242e-04
1.812014526367e+03 -5.367959754324e-03
1.811103149414e+03 -2.289878715560e-03
1.810191772461e+03 -3.291485763961e-04
1.809280517578e+03 2.934943576979e-03
1.808369140625e+03 9.696184857288e-04
1.807457763672e+03 -9.483570906950e-04
1.806546386719e+03 2.059240915832e-03
1.805635009766e+03 3.568968703987e-03
1.804723632812e+03 1.437432476607e-03
1.803812255859e+03 1.086396864994e-03
1.802900878906e+03 -1.316036167664e-03
1.801989624023e+03 -2.489153503391e-03
1.801078247070e+03 5.685594947976e-04
1.800166870117e+03 3.307228483882e-03
1.799255493164e+03 4.646503251951e-04
1.798344116211e+03 8.451246424591e-04
1.797432739258e+03 1.657120783360e-03
1.796521362305e+03 6.133270554987e-03
1.795609985352e+03 5.500574850039e-03
1.794698730469e+03 -1.691458424799e-03
1.793787353516e+03 1.494325112748e-03
1.792875976562e+03 -3.297465719442e-03
1.791964599609e+03 -2.747336994963e-03
1.791053222656e+03 -7.828727140338e-04
1.790141845703e+03 1.703738770346e-03
1.789230468750e+03 3.403380794052e-03
1.788319091797e+03 1.688704094034e-03
1.787407836914e+03 -3.874929731359e-04
1.786496459961e+03 -1.249318897459e-03
1.785585083008e+03 -9.353226271471e-04
1.784673706055e+03 -3.212872180954e-03
1.783762329102e+03 -1.443964430729e-03
1.782850952148e+03 1.247663199558e-03
1.781939575195e+03 2.136510235222e-03
1.781028198242e+03 6.781846606987e-04
1.780116943359e+03 1.956342998681e-04
1.779205566406e+03 4.155749518371e-03
1.778294189453e+03 2.221074448223e-03
1.777382812500e+03 -2.763643396037e-04
1.776471435547e+03 -2.176066293362e-04
1.775560058594e+03 1.786117161710e-03
1.774648681641e+03 4.126725869684e-03
1.773737304688e+03 3.216914091318e-03
1.772826049805e+03 1.748178565090e-03
1.771914672852e+03 2.053497650408e-03
1.771003295898e+03 5.320146813362e-03
1.770091918945e+03 8.443962140607e-04
1.769180541992e+03 8.450051351406e-04
1.768269165039e+03 -7.675980098057e-04
1.767357788086e+03 1.139283353559e-03
1.766446411133e+03 1.756604993331e-03
1.765535156250e+03 4.111925797265e-03
1.764623779297e+03 5.666414053167e-03
1.763712402344e+03 1.255857169674e-03
1.762801025391e+03 1.604725645707e-04
1.761889648438e+03 1.616853552367e-03
1.760978271484e+03 2.953409096807e-03
1.760066894531e+03 3.930815168164e-03
1.759155517578e+03 9.462944122600e-05
1.758244262695e+03 3.401552123464e-03
1.757332885742e+03 3.496981310049e-03
1.756421508789e+03 8.724719104320e-04
1.755510131836e+03 2.732817779643e-03
1.754598754883e+03 4.080488398769e-03
1.753687377930e+03 -3.825953665305e-03
1.752776000977e+03 -3.024366284015e-03
1.751864624023e+03 -2.929040571098e-03
1.750953369141e+03 -1.168763454637e-03
1.750041992188e+03 -4.499001716682e-04
1.749130615234e+03 9.877844922030e-04
1.748219238281e+03 3.088883546677e-03
1.747307861328e+03 4.698071702944e-03
1.746396484375e+03 5.959452077683e-04
1.745485107422e+03 5.170503504291e-04
1.744573730469e+03 5.481379888533e-04
1.743662475586e+03 9.088984563517e-04
1.742751098633e+03 -1.402133054574e-03
1.741839721680e+03 9.303646529546e-04
1.740928344727e+03 1.240274488231e-03
1.740016967773e+03 2.930927415823e-03
1.739105590820e+03 -6.673980672260e-04
1.738194213867e+03 1.868346422245e-03
1.737282836914e+03 1.947785946854e-03
1.736371582031e+03 3.516580987112e-03
1.735460205078e+03 -2.400764579362e-03
1.734548828125e+03 2.338392845595e-03
1.733637451172e+03 2.190212830623e-03
1.732726074219e+03 -7.627927427203e-04
1.731814697266e+03 3.952940174937e-03
1.730903320312e+03 4.368931024163e-03
1.729991943359e+03 -1.556285097609e-03
1.729080688477e+03 -2.526900888301e-03
1.728169311523e+03 -8.455514713406e-04
1.727257934570e+03 4.128089147185e-03
1.726346557617e+03 1.376664554896e-04
1.725435180664e+03 -2.616128092094e-03
1.724523803711e+03 6.799808467543e-04
1.723612426758e+03 5.228358517071e-03
1.722701049805e+03 1.016785789147e-03
1.721789794922e+03 -1.475827287200e-03
1.720878417969e+03 -3.364686648919e-03
1.719967041016e+03 1.075043610136e-03
1.719055664062e+03 -1.387459582426e-03
1.718144287109e+03 2.464202997903e-03
1.717232910156e+03 3.177774103420e-03
1.716321533203e+03 -1.483176659459e-03
1.715410156250e+03 -3.306867279718e-03
1.714498901367e+03 1.671274741399e-03
1.713587524414e+03 2.650757438679e-03
1.712676147461e+03 2.170998199583e-03
1.711764770508e+03 1.255722343961e-03
1.710853393555e+03 1.651120383485e-03
1.709942016602e+03 2.637136346189e-03
1.709030639648e+03 2.788094652996e-03
1.708119262695e+03 -6.851902333505e-04
1.707208007812e+03 7.275504219393e-04
1.706296630859e+03 4.689591749729e-04
1.705385253906e+03 1.809088435269e-03
1.704473876953e+03 8.442987008572e-04
1.703562500000e+03 1.112621837057e-03
1.702651123047e+03 1.242057382450e-03
1.701739746094e+03 7.403838986154e-04
1.700828369141e+03 2.520549655471e-03
1.699917114258e+03 1.859369515281e-04
1.699005737305e+03 2.677735694279e-03
1.698094360352e+03 4.116662697820e-03
1.697182983398e+03 3.013173484869e-03
1.696271606445e+03 2.505115389601e-03
1.695360229492e+03 2.514231085988e-03
1.694448852539e+03 9.303662622801e-04
1.693537475586e+03 1.157362039225e-03
1.692626220703e+03 4.437487336166e-04
1.691714843750e+03 -2.823775663984e-03
1.690803466797e+03 -1.919054837778e-03
1.689892089844e+03 4.911602730389e-03
1.688980712891e+03 9.298977339871e-03
1.688069335938e+03 2.121474128398e-03
1.687157958984e+03 4.814035644304e-03
1.686246582031e+03 4.969005343895e-03
1.685335327148e+03 3.635444336950e-03
1.684423950195e+03 5.271612894584e-03
1.683512573242e+03 2.278375733827e-03
1.682601196289e+03 2.039609529097e-03
1.681689819336e+03 7.209984644977e-03
1.680778442383e+03 4.919373269089e-03
1.679867065430e+03 1.737983309326e-03
1.678955688477e+03 2.116256337547e-03
1.678044433594e+03 2.228022681204e-03
1.677133056641e+03 4.410314292578e-03
1.676221679688e+03 -6.095736912342e-04
1.675310302734e+03 6.753857456564e-04
1.674398925781e+03 4.408187598751e-03
1.673487548828e+03 5.149622684932e-03
1.672576171875e+03 1.178563650797e-02
1.671664794922e+03 8.191539199807e-03
1.670753417969e+03 8.722329553998e-03
1.669842163086e+03 7.951874633828e-03
1.668930786133e+03 8.686130936251e-03
1.668019409180e+03 9.549752689001e-03
1.667108032227e+03 1.043731548293e-02
1.666196655273e+03 1.029943705841e-02
1.665285278320e+03 9.512564157267e-03
1.664373901367e+03 8.351763168294e-03
1.663462524414e+03 1.196100577899e-02
1.662551269531e+03 8.234733972672e-03
1.661639892578e+03 5.543549800963e-03
1.660728515625e+03 1.246454298095e-02
1.659817138672e+03 5.079780819890e-03
1.658905761719e+03 1.260446322228e-02
1.657994384766e+03 1.444006893080e-02
1.657083007812e+03 1.441398498333e-02
1.656171630859e+03 1.193034991664e-02
1.655260375977e+03 1.146670491323e-02
1.654348999023e+03 1.218527470291e-02
1.653437622070e+03 1.131422954893e-02
1.652526245117e+03 1.711433491933e-02
1.651614868164e+03 1.534462143348e-02
1.650703491211e+03 7.914171117938e-03
1.649792114258e+03 1.102217154403e-02
1.648880737305e+03 1.303515877649e-02
1.647969482422e+03 1.513620639215e-02
1.647058105469e+03 9.255979977599e-03
1.646146728516e+03 9.293573820938e-03
1.645235351562e+03 1.135980183198e-02
1.644323974609e+03 9.650883179340e-03
1.643412597656e+03 1.417288656795e-02
1.642501220703e+03 1.540074898436e-02
1.641589843750e+03 1.452223179176e-02
1.640678588867e+03 1.489794325064e-02
1.639767211914e+03 1.411048479344e-02
1.638855834961e+03 1.884881872059e-02
1.637944458008e+03 1.496956991725e-02
1.637033081055e+03 1.302127327778e-02
1.636121704102e+03 1.526635910066e-02
1.635210327148e+03 1.994612597791e-02
1.634298950195e+03 1.973068712490e-02
1.633387695312e+03 1.919056983545e-02
1.632476318359e+03 1.909880538102e-02
1.631564941406e+03 2.387412566094e-02
1.630653564453e+03 2.017916203024e-02
1.629742187500e+03 2.597064523073e-02
1.628830810547e+03 2.917153878487e-02
1.627919433594e+03 3.281920016723e-02
1.627008056641e+03 2.860462515320e-02
1.626096801758e+03 3.033739043326e-02
1.625185424805e+03 2.477370952019e-02
1.624274047852e+03 2.740784393791e-02
1.623362670898e+03 3.057384254715e-02
1.622451293945e+03 2.680070622902e-02
1.621539916992e+03 2.347587887689e-02
1.620628540039e+03 2.890245765636e-02
1.619717163086e+03 2.918991799716e-02
1.618805908203e+03 3.227568970440e-02
1.617894531250e+03 2.721655402709e-02
1.616983154297e+03 3.049977256683e-02
1.616071777344e+03 3.318937840747e-02
1.615160400391e+03 3.386785286596e-02
1.614249023438e+03 3.360513083810e-02
1.613337646484e+03 3.914524645769e-02
1.612426269531e+03 4.234288607490e-02
1.611515014648e+03 4.401052302545e-02
1.610603637695e+03 4.041488839421e-02
1.609692260742e+03 4.096230129253e-02
1.608780883789e+03 3.862100021697e-02
1.607869506836e+03 3.862017242762e-02
1.606958129883e+03 4.000491904491e-02
1.606046752930e+03 3.813780012077e-02
1.605135375977e+03 3.752435480965e-02
1.604224121094e+03 4.414384288651e-02
1.603312744141e+03 4.006223868874e-02
1.602401367188e+03 3.957485386945e-02
1.601489990234e+03 4.307177176015e-02
1.600578613281e+03 4.560830523635e-02
1.599667236328e+03 4.427071209420e-02
1.598755859375e+03 4.296726049420e-02
1.597844482422e+03 4.916825718766e-02
1.596933227539e+03 4.379639642836e-02
1.596021850586e+03 4.963182303610e-02
1.595110473633e+03 5.312550606337e-02
1.594199096680e+03 4.741213451514e-02
1.593287719727e+03 4.358509270739e-02
1.592376342773e+03 4.698795923254e-02
1.591464965820e+03 4.498071502709e-02
1.590553588867e+03 3.767821300178e-02
1.589642333984e+03 4.290969670973e-02
1.588730957031e+03 4.100462917540e-02
1.587819580078e+03 3.841418258019e-02
1.586908203125e+03 3.523653960700e-02
1.585996826172e+03 4.154882628377e-02
1.585085449219e+03 3.622359638606e-02
1.584174072266e+03 3.693171867311e-02
1.583262695312e+03 4.155525786366e-02
1.582351440430e+03 4.412064571134e-02
1.581440063477e+03 3.538061310017e-02
1.580528686523e+03 3.837516585470e-02
1.579617309570e+03 3.974008367466e-02
1.578705932617e+03 4.376182382540e-02
1.577794555664e+03 4.063222315185e-02
1.576883178711e+03 4.194251831907e-02
1.575971801758e+03 4.416513271297e-02
1.575060546875e+03 4.236517535208e-02
1.574149169922e+03 4.353063027194e-02
1.573237792969e+03 4.101607326774e-02
1.572326416016e+03 4.119485669298e-02
1.571415039062e+03 4.156436354647e-02
1.570503662109e+03 3.812693586245e-02
1.569592285156e+03 3.964190099178e-02
1.568680908203e+03 4.506648468449e-02
1.567769653320e+03 4.626216345222e-02
1.566858276367e+03 4.143795210247e-02
1.565946899414e+03 4.650404960262e-02
1.565035522461e+03 4.241466342206e-02
1.564124145508e+03 4.252871524632e-02
1.563212768555e+03 4.130623059964e-02
1.562301391602e+03 4.259344303260e-02
1.561390014648e+03 4.489431594462e-02
1.560478759766e+03 4.657920677172e-02
1.559567382812e+03 4.507862305176e-02
1.558656005859e+03 4.983159874139e-02
1.557744628906e+03 4.685376962045e-02
1.556833251953e+03 4.654118568227e-02
1.555921875000e+03 4.838838807103e-02
1.555010498047e+03 5.006330727900e-02
1.554099121094e+03 5.370086543518e-02
1.553187866211e+03 5.653686410503e-02
1.552276489258e+03 5.289582694479e-02
1.551365112305e+03 5.875367252942e-02
1.550453735352e+03 5.278985083502e-02
1.549542358398e+03 5.330300393557e-02
1.548630981445e+03 5.056855251174e-02
1.547719604492e+03 5.062128688925e-02
1.546808227539e+03 5.162824875958e-02
1.545896972656e+03 5.036244440869e-02
1.544985595703e+03 4.531909013472e-02
1.544074218750e+03 4.710004648762e-02
1.543162841797e+03 4.946100088443e-02
1.542251464844e+03 4.352080742601e-02
1.541340087891e+03 4.034266472745e-02
1.540428710938e+03 5.199135073606e-02
1.539517333984e+03 4.419521160233e-02
1.538606079102e+03 4.836334458229e-02
1.537694702148e+03 4.907267231374e-02
1.536783325195e+03 4.294353689078e-02
1.535871948242e+03 4.362069146396e-02
1.534960571289e+03 4.486153243476e-02
1.534049194336e+03 4.974967048432e-02
1.533137817383e+03 4.967095420251e-02
1.532226440430e+03 5.718742260761e-02
1.531315185547e+03 5.387249630270e-02
1.530403808594e+03 5.140158706669e-02
1.529492431641e+03 5.071245434353e-02
1.528581054688e+03 5.916308493290e-02
1.527669677734e+03 6.098710159058e-02
1.526758300781e+03 6.194870289358e-02
1.525846923828e+03 5.834992495165e-02
1.524935546875e+03 5.532484317344e-02
1.524024291992e+03 5.643487053940e-02
1.523112915039e+03 5.346777597708e-02
1.522201538086e+03 5.085207989947e-02
1.521290161133e+03 5.120271163000e-02
1.520378784180e+03 5.378263728965e-02
1.519467407227e+03 5.773543822813e-02
1.518556030273e+03 5.289873374424e-02
1.517644653320e+03 5.278340399633e-02
1.516733276367e+03 4.498350738563e-02
1.515822021484e+03 4.633164435151e-02
1.514910644531e+03 4.151805311946e-02
1.513999267578e+03 4.321220603196e-02
1.513087890625e+03 4.812731780717e-02
1.512176513672e+03 4.398996562091e-02
1.511265136719e+03 4.457322904583e-02
1.510353759766e+03 4.564074542343e-02
1.509442382812e+03 4.276137364360e-02
1.508531127930e+03 4.690842660547e-02
1.507619750977e+03 3.873763840610e-02
1.506708374023e+03 4.219202623497e-02
1.505796997070e+03 4.532478929270e-02
1.504885620117e+03 3.893724626470e-02
1.503974243164e+03 3.923173327820e-02
1.503062866211e+03 4.060132410253e-02
1.502151489258e+03 4.176785476707e-02
1.501240234375e+03 4.083847621341e-02
1.500328857422e+03 3.457521602822e-02
1.499417480469e+03 3.845623580484e-02
1.498506103516e+03 3.866285889205e-02
1.497594726562e+03 4.153916365513e-02
1.496683349609e+03 3.731517968986e-02
1.495771972656e+03 3.419593210518e-02
1.494860595703e+03 3.728965936394e-02
1.493949340820e+03 3.529770065116e-02
1.493037963867e+03 3.854881851188e-02
1.492126586914e+03 3.986097143675e-02
1.491215209961e+03 3.910341448549e-02
1.490303833008e+03 3.579355028409e-02
1.489392456055e+03 3.579318788783e-02
1.488481079102e+03 3.704283699504e-02
1.487569702148e+03 4.528722215225e-02
1.486658447266e+03 3.936915775372e-02
1.485747070312e+03 3.605380038800e-02
1.484835693359e+03 3.866375153125e-02
1.483924316406e+03 3.623554401846e-02
1.483012939453e+03 3.387453240119e-02
1.482101562500e+03 3.240964661994e-02
1.481190185547e+03 3.362284247835e-02
1.480278808594e+03 3.606601123453e-02
1.479367553711e+03 3.552101303970e-02
1.478456176758e+03 3.288777316853e-02
1.477544799805e+03 3.085822251976e-02
1.476633422852e+03 2.357889668879e-02
1.475722045898e+03 1.839831058151e-02
1.474810668945e+03 2.454758569964e-02
1.473899291992e+03 2.702249273858e-02
1.472987915039e+03 2.232647429653e-02
1.472076660156e+03 2.090325264080e-02
1.471165283203e+03 2.474837420710e-02
1.470253906250e+03 2.005785465143e-02
1.469342529297e+03 2.051925947376e-02
1.468431152344e+03 2.516510129293e-02
1.467519775391e+03 2.381869238499e-02
1.466608398438e+03 2.360557286803e-02
1.465697021484e+03 2.020153713811e-02
1.464785766602e+03 1.870212071557e-02
1.463874389648e+03 2.242549812021e-02
1.462963012695e+03 2.142856508946e-02
1.462051635742e+03 1.983501337803e-02
1.461140258789e+03 2.184274586475e-02
1.460228881836e+03 2.499718021867e-02
1.459317504883e+03 2.110101037114e-02
1.458406127930e+03 2.383460158069e-02
1.457494873047e+03 1.777738655605e-02
1.456583496094e+03 1.949949357144e-02
1.455672119141e+03 1.706422886837e-02
1.454760742188e+03 1.649914438413e-02
1.453849365234e+03 1.816051569412e-02
1.452937988281e+03 1.332127443644e-02
1.452026611328e+03 1.763803184362e-02
1.451115234375e+03 2.085753158455e-02
1.450203979492e+03 2.308904185290e-02
1.449292602539e+03 1.618899422292e-02
1.448381225586e+03 1.825094691180e-02
1.447469848633e+03 1.729039465060e-02
1.446558471680e+03 1.502228045290e-02
1.445647094727e+03 1.540660454495e-02
1.444735717773e+03 1.369282787511e-02
1.443824340820e+03 9.323538269382e-03
1.442913085938e+03 1.010085344607e-02
1.442001708984e+03 9.877086154866e-03
1.441090332031e+03 1.267859900613e-02
1.440178955078e+03 1.268446219611e-02
1.439267578125e+03 9.393577068180e-03
1.438356201172e+03 1.161289460981e-02
1.437444824219e+03 1.317444863906e-02
1.436533447266e+03 1.724790273574e-02
1.435622192383e+03 1.058617260670e-02
1.434710815430e+03 8.165339857742e-03
1.433799438477e+03 1.067187073852e-02
1.432888061523e+03 1.312707963351e-02
1.431976684570e+03 7.053109980848e-03
1.431065307617e+03 5.068885090307e-03
1.430153930664e+03 9.863310328712e-03
1.429242553711e+03 1.291015972422e-02
1.428331298828e+03 1.792221726666e-02
1.427419921875e+03 1.003167390788e-02
1.426508544922e+03 7.596520784705e-03
1.425597167969e+03 1.480541967142e-02
1.424685791016e+03 1.437879630674e-02
1.423774414062e+03 1.281119979673e-02
1.422863037109e+03 1.669732363854e-02
1.421951660156e+03 1.595129184194e-02
1.421040405273e+03 1.896958631971e-02
1.420129028320e+03 1.755823409508e-02
1.419217651367e+03 1.414574213459e-02
1.418306274414e+03 1.171285875640e-02
1.417394897461e+03 1.297785629879e-02
1.416483520508e+03 1.457041714256e-02
1.415572143555e+03 1.567670991971e-02
1.414660766602e+03 1.210139045973e-02
1.413749511719e+03 1.591388777979e-02
1.412838134766e+03 1.486169504183e-02
1.411926757812e+03 1.854062168447e-02
1.411015380859e+03 1.737948309477e-02
1.410104003906e+03 1.845710079122e-02
1.409192626953e+03 1.928767677366e-02
1.408281250000e+03 2.297087587743e-02
1.407369873047e+03 2.054303266825e-02
1.406458618164e+03 2.645794421933e-02
1.405547241211e+03 2.241756736422e-02
1.404635864258e+03 2.043342305916e-02
1.403724487305e+03 2.269794381186e-02
1.402813110352e+03 2.594791917069e-02
1.401901733398e+03 2.247925102193e-02
1.400990356445e+03 1.736607443324e-02
1.400078979492e+03 2.546577193099e-02
1.399167724609e+03 2.455894968333e-02
1.398256347656e+03 2.269447625188e-02
1.397344970703e+03 2.554652526125e-02
1.396433593750e+03 2.263014900883e-02
1.395522216797e+03 2.892077011146e-02
1.394610839844e+03 2.471363757215e-02
1.393699462891e+03 2.793829669138e-02
1.392788085938e+03 2.833161297898e-02
1.391876831055e+03 2.920300813145e-02
1.390965454102e+03 3.223981247491e-02
1.390054077148e+03 3.551988770395e-02
1.389142700195e+03 3.069104721885e-02
1.388231323242e+03 3.271764910650e-02
1.387319946289e+03 3.062799027006e-02
1.386408569336e+03 3.494650816011e-02
1.385497192383e+03 2.958838031162e-02
1.384585937500e+03 3.881659119916e-02
1.383674560547e+03 3.650613958185e-02
1.382763183594e+03 3.281885684446e-02
1.381851806641e+03 3.578988435984e-02
1.380940429688e+03 3.674250205035e-02
1.380029052734e+03 3.796333493304e-02
1.379117675781e+03 3.670611746610e-02
1.378206298828e+03 3.943784901065e-02
1.377295043945e+03 4.091274837269e-02
1.376383666992e+03 4.257425128975e-02
1.375472290039e+03 4.573806598470e-02
1.374560913086e+03 4.531305528336e-02
1.373649536133e+03 4.848415605043e-02
1.372738159180e+03 4.751056896806e-02
1.371826782227e+03 4.079437449622e-02
1.370915405273e+03 4.091583446293e-02
1.370004150391e+03 3.908239168786e-02
1.369092773438e+03 4.204353150746e-02
1.368181396484e+03 4.286972630988e-02
1.367270019531e+03 4.341314521997e-02
1.366358642578e+03 4.101022152186e-02
1.365447265625e+03 4.161445052394e-02
1.364535888672e+03 3.595687655527e-02
1.363624511719e+03 3.386015099182e-02
1.362713256836e+03 3.681370719289e-02
1.361801879883e+03 3.731087289644e-02
1.360890502930e+03 2.870560210197e-02
1.359979125977e+03 3.261524736823e-02
1.359067749023e+03 3.123451572001e-02
1.358156372070e+03 3.020920324760e-02
1.357244995117e+03 2.910405106499e-02
1.356333618164e+03 3.123087268395e-02
1.355422241211e+03 2.895343155100e-02
1.354510986328e+03 3.076802399863e-02
1.353599609375e+03 2.296255220761e-02
1.352688232422e+03 2.109066872636e-02
1.351776855469e+03 2.625547343030e-02
1.350865478516e+03 2.326012912604e-02
1.349954101562e+03 1.869878667001e-02
1.349042724609e+03 1.487072824538e-02
1.348131347656e+03 1.489150594870e-02
1.347220092773e+03 1.705827412565e-02
1.346308715820e+03 1.489203619165e-02
1.345397338867e+03 1.969962213624e-02
1.344485961914e+03 1.567234590583e-02
1.343574584961e+03 1.577145269918e-02
1.342663208008e+03 7.907849210594e-03
1.341751831055e+03 1.304284634552e-02
1.340840454102e+03 1.563056066368e-02
1.339929199219e+03 1.992810534717e-02
1.339017822266e+03 1.736889921670e-02
1.338106445312e+03 1.642724496665e-02
1.337195068359e+03 1.308936467353e-02
1.336283691406e+03 1.484775995206e-02
1.335372314453e+03 1.574079016110e-02
1.334460937500e+03 1.266183245718e-02
1.333549560547e+03 1.070383885679e-02
1.332638305664e+03 1.631497269875e-02
1.331726928711e+03 1.397982663752e-02
1.330815551758e+03 1.621796685002e-02
1.329904174805e+03 9.385882823430e-03
1.328992797852e+03 1.482547067488e-02
1.328081420898e+03 1.563916948214e-02
1.327170043945e+03 1.252523290998e-02
1.326258666992e+03 6.121520333176e-03
1.325347412109e+03 6.306332887731e-03
1.324436035156e+03 1.199982032552e-02
1.323524658203e+03 1.093133406108e-02
1.322613281250e+03 8.625522069541e-03
1.321701904297e+03 8.373081604975e-03
1.320790527344e+03 7.790816200275e-03
1.319879150391e+03 1.275441897891e-02
1.318967773438e+03 1.193016681116e-02
1.318056518555e+03 1.154983670734e-02
1.317145141602e+03 1.009192323935e-02
1.316233764648e+03 7.460873481356e-03
1.315322387695e+03 1.083735040641e-02
1.314411010742e+03 1.017307902018e-02
1.313499633789e+03 3.268867409520e-03
1.312588256836e+03 8.087015536090e-03
1.311676879883e+03 9.362188783913e-03
1.310765625000e+03 1.112377124216e-02
1.309854248047e+03 4.876926653761e-03
1.308942871094e+03 1.605009870469e-03
1.308031494141e+03 5.551470543374e-03
1.307120117188e+03 4.962875125098e-03
1.306208740234e+03 4.591619709667e-03
1.305297363281e+03 3.532667089408e-03
1.304385986328e+03 -4.163088698236e-04
1.303474731445e+03 -6.166137749770e-04
1.302563354492e+03 3.088568357301e-03
1.301651977539e+03 7.428126687961e-03
1.300740600586e+03 6.605483368858e-03
1.299829223633e+03 4.789495218791e-03
1.298917846680e+03 3.157075078237e-03
1.298006469727e+03 7.250016079983e-04
1.297095092773e+03 -1.320428910984e-04
1.296183837891e+03 2.602173451996e-03
1.295272460938e+03 2.783699883119e-03
1.294361083984e+03 -8.266244923303e-04
1.293449707031e+03 4.071932986070e-03
1.292538330078e+03 8.626549176829e-03
1.291626953125e+03 7.411795014517e-03
1.290715576172e+03 3.904233879518e-03
1.289804199219e+03 7.648147707857e-04
1.288892944336e+03 1.873860328986e-03
1.287981567383e+03 9.847035875729e-04
1.287070190430e+03 5.832065382446e-03
1.286158813477e+03 8.939438290811e-04
1.285247436523e+03 -2.379586809649e-03
1.284336059570e+03 -7.434159631973e-03
1.283424682617e+03 -9.469911905905e-04
1.282513305664e+03 4.016143035910e-03
1.281602050781e+03 9.392340629370e-04
1.280690673828e+03 1.754288399097e-03
1.279779296875e+03 4.162855822878e-03
1.278867919922e+03 3.521485972773e-03
1.277956542969e+03 2.061458447142e-03
1.277045166016e+03 -1.152994329857e-03
1.276133789062e+03 -9.366904942051e-04
1.275222412109e+03 3.468242571578e-03
1.274311157227e+03 3.878167098189e-03
1.273399780273e+03 1.669272740495e-03
1.272488403320e+03 5.354759470646e-03
1.271577026367e+03 5.286824477490e-03
1.270665649414e+03 -5.650283366595e-04
1.269754272461e+03 -4.865416281052e-03
1.268842895508e+03 -9.598420122191e-04
1.267931518555e+03 6.078908732184e-03
1.267020263672e+03 5.986121938836e-03
1.266108886719e+03 2.341203085521e-03
1.265197509766e+03 2.022832966563e-03
1.264286132812e+03 -1.186551627251e-03
1.263374755859e+03 3.624682837034e-03
1.262463378906e+03 2.392456645160e-03
1.261552001953e+03 5.048680068443e-03
1.260640625000e+03 2.227676497411e-03
1.259729370117e+03 -6.809749926717e-03
1.258817993164e+03 -5.363171951400e-04
1.257906616211e+03 2.059772708498e-04
1.256995239258e+03 2.501567005720e-03
1.256083862305e+03 3.173617275296e-03
1.255172485352e+03 -3.820110740909e-04
1.254261108398e+03 -1.095997027956e-03
1.253349731445e+03 -7.679844863407e-04
1.252438476562e+03 -3.120936005532e-04
1.251527099609e+03 4.850188962519e-03
1.250615722656e+03 7.820128573875e-04
1.249704345703e+03 3.391507429040e-04
1.248792968750e+03 7.497809885431e-04
1.247881591797e+03 8.235237512735e-03
1.246970214844e+03 3.423373384953e-03
1.246058837891e+03 2.221558676380e-03
1.245147583008e+03 1.142599636943e-03
1.244236206055e+03 8.094808009300e-03
1.243324829102e+03 6.918960899922e-03
1.242413452148e+03 2.308531155563e-03
1.241502075195e+03 4.504891326418e-05
1.240590698242e+03 3.219063196492e-03
1.239679321289e+03 2.962785146294e-03
1.238767944336e+03 1.339095447486e-04
1.237856689453e+03 3.472870753255e-03
1.236945312500e+03 3.351541916773e-03
1.236033935547e+03 4.565447070485e-03
1.235122558594e+03 8.339023390124e-04
1.234211181641e+03 -1.340323154215e-04
1.233299804688e+03 -1.187367257248e-03
1.232388427734e+03 -1.426588364650e-03
1.231477050781e+03 -4.060786857363e-04
1.230565795898e+03 3.333116928105e-03
1.229654418945e+03 6.005249904718e-04
1.228743041992e+03 -5.210510501392e-03
1.227831665039e+03 -4.513316845688e-03
1.226920288086e+03 -6.200347718054e-03
1.226008911133e+03 -1.536822630444e-03
1.225097534180e+03 3.358385960830e-03
1.224186157227e+03 -2.026079750927e-03
1.223274902344e+03 4.020194721436e-03
1.222363525391e+03 5.843083659184e-03
1.221452148438e+03 2.481540320961e-03
1.220540771484e+03 -1.043764283165e-03
1.219629394531e+03 -3.537120987096e-03
1.218718017578e+03 -7.071399070920e-03
1.217806640625e+03 4.602118651111e-04
1.216895263672e+03 6.505130838381e-04
1.215984008789e+03 -3.435970231178e-03
1.215072631836e+03 -7.518562674007e-03
1.214161254883e+03 -1.773931110716e-03
1.213249877930e+03 5.124617462378e-04
1.212338500977e+03 -1.115719490593e-03
1.211427124023e+03 -2.068507531186e-03
1.210515747070e+03 -2.176543339159e-03
1.209604370117e+03 -9.951388116480e-04
1.208693115234e+03 -2.317668548041e-03
1.207781738281e+03 -2.337531439228e-03
1.206870361328e+03 -3.421908064296e-03
1.205958984375e+03 9.021689128230e-04
1.205047607422e+03 4.517974591271e-03
1.204136230469e+03 -1.832536665219e-03
1.203224853516e+03 -4.177248676344e-03
1.202313476562e+03 -1.024616886168e-03
1.201402099609e+03 -4.830770245166e-03
1.200490844727e+03 -4.117519574234e-03
1.199579467773e+03 -3.989604424191e-03
1.198668090820e+03 -1.135184967792e-04
1.197756713867e+03 -3.604465000171e-04
1.196845336914e+03 -5.952548309769e-03
1.195933959961e+03 -4.380651682069e-03
1.195022583008e+03 -1.083381108243e-03
1.194111206055e+03 -1.975123856898e-03
1.193199951172e+03 -1.778602088530e-03
1.192288574219e+03 -3.236721669392e-03
1.191377197266e+03 -1.246249258107e-03
1.190465820312e+03 1.096312694170e-03
1.189554443359e+03 2.505088209882e-03
1.188643066406e+03 -1.311840834938e-03
1.187731689453e+03 -7.082988121763e-03
1.186820312500e+03 -1.144701630603e-02
1.185909057617e+03 -1.244992792136e-02
1.184997680664e+03 -3.645361596638e-03
1.184086303711e+03 -1.132124239335e-03
1.183174926758e+03 2.597743396168e-03
1.182263549805e+03 3.330703655133e-03
1.181352172852e+03 9.717143639526e-04
1.180440795898e+03 7.876482384001e-03
1.179529418945e+03 -1.208310303859e-03
1.178618164062e+03 -3.469391629974e-04
1.177706787109e+03 9.890524022669e-04
1.176795410156e+03 8.907128399483e-04
1.175884033203e+03 -9.969160553466e-03
1.174972656250e+03 -6.332492175472e-03
1.174061279297e+03 -1.320987478057e-02
1.173149902344e+03 -1.267401946185e-02
1.172238525391e+03 -9.047088099086e-03
1.171327270508e+03 -1.198447951973e-02
1.170415893555e+03 -8.779939114840e-03
1.169504516602e+03 -4.257937156739e-03
1.168593139648e+03 3.990706990963e-04
1.167681762695e+03 8.006736181996e-03
1.166770385742e+03 1.102043681037e-02
1.165859008789e+03 2.034486676528e-02
1.164947631836e+03 2.016529369767e-02
1.164036376953e+03 2.556247069657e-02
1.163125000000e+03 2.008024120339e-02
1.162213623047e+03 1.348243205212e-02
1.161302246094e+03 -2.970677040056e-03
1.160390869141e+03 -5.652324468148e-03
1.159479492188e+03 1.524171305571e-04
1.158568115234e+03 -1.103413604455e-04
1.157656738281e+03 3.495716737845e-03
1.156745483398e+03 1.633634835589e-02
1.155834106445e+03 1.921663184841e-02
1.154922729492e+03 1.000710058060e-02
1.154011352539e+03 7.467411872780e-03
1.153099975586e+03 4.642528754444e-03
1.152188598633e+03 5.311091198461e-03
1.151277221680e+03 9.271621190806e-03
1.150365844727e+03 -4.557787634849e-03
1.149454589844e+03 -9.617455939288e-03
1.148543212891e+03 -1.145282227555e-02
1.147631835938e+03 -7.565131546763e-03
1.146720458984e+03 -7.442105169918e-03
1.145809082031e+03 -1.602639274424e-03
1.144897705078e+03 -4.504150127723e-03
1.143986328125e+03 -4.742658363539e-04
1.143074951172e+03 -9.630264054186e-05
1.142163696289e+03 5.058354379587e-05
1.141252319336e+03 -7.549340606682e-03
1.140340942383e+03 -4.151630121966e-03
1.139429565430e+03 -7.449852820432e-03
1.138518188477e+03 -4.573409774568e-03
1.137606811523e+03 2.117971282468e-03
1.136695434570e+03 -2.895637888161e-03
1.135784057617e+03 -3.391501587784e-03
1.134872802734e+03 -6.346382800178e-04
1.133961425781e+03 -4.623815279281e-03
1.133050048828e+03 -1.654411632917e-03
1.132138671875e+03 -1.061052611204e-03
1.131227294922e+03 -6.750374637795e-03
1.130315917969e+03 -6.067349722083e-03
1.129404541016e+03 -4.787719000293e-03
1.128493164062e+03 3.258830463700e-03
1.127581909180e+03 -2.143763882417e-03
1.126670532227e+03 -5.843696275752e-04
1.125759155273e+03 1.440864631426e-03
1.124847778320e+03 2.475998996083e-03
1.123936401367e+03 -3.659944708140e-03
1.123025024414e+03 3.821002664856e-03
1.122113647461e+03 -2.614781742314e-03
1.121202270508e+03 1.682170858412e-04
1.120291015625e+03 4.754625546267e-03
1.119379638672e+03 1.242820083521e-03
1.118468261719e+03 2.249919521386e-03
1.117556884766e+03 1.194839534291e-03
1.116645507812e+03 -4.187002857716e-03
1.115734130859e+03 -9.115500287051e-04
1.114822753906e+03 -1.293982924887e-03
1.113911376953e+03 -1.286154212052e-03
1.113000122070e+03 -5.815446653019e-03
1.112088745117e+03 2.940676828823e-03
1.111177368164e+03 -3.376709860016e-03
1.110265991211e+03 1.623380976536e-03
1.109354614258e+03 -2.141978842431e-03
1.108443237305e+03 -3.922757096645e-04
1.107531860352e+03 -5.636662750942e-03
1.106620483398e+03 -1.762355530523e-03
1.105709228516e+03 1.572109237479e-04
1.104797851562e+03 -5.563648011299e-04
1.103886474609e+03 -8.175067097813e-04
1.102975097656e+03 -4.070102408133e-03
1.102063720703e+03 2.271837103985e-03
1.101152343750e+03 -4.080177500927e-03
1.100240966797e+03 -2.670347340580e-03
1.099329589844e+03 1.107397608903e-03
1.098418334961e+03 -2.113758686745e-05
1.097506958008e+03 -5.271950972145e-03
1.096595581055e+03 -2.675884850761e-03
1.095684204102e+03 3.704460319995e-03
1.094772827148e+03 4.042415334064e-03
1.093861450195e+03 2.718617329979e-03
1.092950073242e+03 1.208723721695e-03
1.092038696289e+03 2.157711340155e-04
1.091127441406e+03 -6.601027325403e-03
1.090216064453e+03 -4.338994232275e-03
1.089304687500e+03 5.856169144311e-04
1.088393310547e+03 -2.044318534676e-03
1.087481933594e+03 -3.406357688572e-03
1.086570556641e+03 -2.081667522122e-03
1.085659179688e+03 -1.086973241936e-03
1.084747802734e+03 -1.089649252195e-03
1.083836547852e+03 1.872149437181e-03
1.082925170898e+03 2.909315247438e-03
1.082013793945e+03 4.781591165681e-03
1.081102416992e+03 8.889227335668e-04
1.080191040039e+03 -1.759995603710e-05
1.079279663086e+03 3.193055244950e-04
1.078368286133e+03 -3.940120824563e-04
1.077456909180e+03 1.641361076114e-03
1.076545654297e+03 2.337749592238e-03
1.075634277344e+03 3.672241385360e-03
1.074722900391e+03 2.703150877599e-03
1.073811523438e+03 1.427692242723e-03
1.072900146484e+03 -8.674182409778e-05
1.071988769531e+03 -5.584516790519e-04
1.071077392578e+03 1.335051719181e-03
1.070166015625e+03 1.093769721484e-03
1.069254760742e+03 1.342845146065e-03
1.068343383789e+03 3.924038298545e-04
1.067432006836e+03 -9.953856344937e-04
1.066520629883e+03 -1.139995986726e-03
1.065609252930e+03 1.877878755119e-03
1.064697875977e+03 -7.778659832395e-04
1.063786499023e+03 7.863688842438e-04
1.062875122070e+03 3.319381871529e-03
1.061963867188e+03 2.099177341031e-04
1.061052490234e+03 -1.873244851395e-03
1.060141113281e+03 3.249907349930e-04
1.059229736328e+03 -3.157152683488e-04
1.058318359375e+03 -1.849689213870e-03
1.057406982422e+03 1.954849753247e-04
1.056495605469e+03 -1.612706380196e-03
1.055584228516e+03 1.247810065409e-03
1.054672973633e+03 5.800779141336e-04
1.053761596680e+03 -2.317552915025e-03
1.052850219727e+03 -2.046327449719e-03
1.051938842773e+03 -2.344015471213e-03
1.051027465820e+03 -4.129664617230e-03
1.050116088867e+03 6.661127526050e-04
1.049204711914e+03 1.363984053548e-03
1.048293334961e+03 -1.080028227606e-03
1.047381958008e+03 2.063478478452e-04
1.046470703125e+03 1.849267570593e-03
1.045559326172e+03 2.244109498756e-03
1.044647949219e+03 -1.296380819860e-03
1.043736572266e+03 1.528481198431e-03
1.042825195312e+03 5.007085561158e-03
1.041913818359e+03 -1.815392818847e-03
1.041002441406e+03 -2.255267011950e-03
1.040091064453e+03 1.382077044329e-03
1.039179809570e+03 -2.960225245889e-03
1.038268432617e+03 -6.660564262130e-03
1.037357055664e+03 4.771201241139e-04
1.036445678711e+03 -4.542134977550e-03
1.035534301758e+03 -5.152634388566e-03
1.034622924805e+03 -1.039853526868e-02
1.033711547852e+03 -7.943529863954e-04
1.032800170898e+03 -4.169585306802e-04
1.031888916016e+03 2.711831936895e-03
1.030977539062e+03 6.895385116026e-03
1.030066162109e+03 -3.106413035120e-03
1.029154785156e+03 -3.119892268548e-03
1.028243408203e+03 -8.938833899685e-04
1.027332031250e+03 -1.117194273488e-04
1.026420654297e+03 4.856319658153e-03
1.025509277344e+03 2.583146217969e-03
1.024598022461e+03 7.366689078231e-03
1.023686584473e+03 1.872697561521e-03
1.022775268555e+03 5.617784766953e-03
1.021863891602e+03 3.880496209399e-03
1.020952514648e+03 2.575868490496e-03
1.020041137695e+03 -2.784818841168e-04
1.019129821777e+03 -2.484734176399e-03
1.018218444824e+03 4.394909054172e-04
1.017307067871e+03 -1.461765239527e-03
1.016395690918e+03 -6.511608671483e-04
1.015484375000e+03 -3.965097138863e-03
1.014572998047e+03 3.501011597506e-04
1.013661621094e+03 -3.556962897447e-03
1.012750244141e+03 8.616760186343e-04
1.011838928223e+03 -1.764402473331e-03
1.010927551270e+03 1.683479031415e-03
1.010016174316e+03 -5.267093431784e-03
1.009104797363e+03 -4.260281288321e-03
1.008193481445e+03 -3.086438087195e-03
1.007282104492e+03 -2.715318808780e-03
1.006370727539e+03 1.241290628264e-03
1.005459350586e+03 2.382457131059e-03
1.004548034668e+03 5.604975966600e-03
1.003636657715e+03 -1.064994624178e-03
1.002725280762e+03 2.786412371422e-04
1.001813903809e+03 -3.310394444345e-04
1.000902587891e+03 -3.349411885086e-03
9.999912109375e+02 -1.015436101507e-03
9.990798339844e+02 1.566864326513e-03
9.981684570312e+02 1.890123457086e-03
9.972571411133e+02 -3.355556885836e-03
9.963457641602e+02 -1.130685979188e-03
9.954343872070e+02 2.947011849189e-03
9.945230102539e+02 2.216487036125e-03
9.936116943359e+02 9.899469935217e-05
9.927003173828e+02 -4.115037159870e-03
9.917889404297e+02 -4.915821785766e-03
9.908775634766e+02 1.668867175572e-05
9.899662475586e+02 2.390532845554e-03
9.890548706055e+02 1.537070108941e-03
9.881434936523e+02 3.330696025738e-03
9.872321166992e+02 6.033445168012e-03
9.863208007812e+02 4.323568549475e-03
9.854094238281e+02 4.842967740252e-03
9.844980468750e+02 -1.633696633688e-04
9.835866699219e+02 -1.430365988006e-03
9.826753540039e+02 -2.256799328231e-03
9.817639770508e+02 4.085743144502e-03
9.808526000977e+02 2.841552869342e-03
9.799412231445e+02 -2.559099795776e-03
9.790299072266e+02 1.458113978024e-03
9.781185302734e+02 3.985701273448e-03
9.772071533203e+02 3.635007077256e-03
9.762957763672e+02 2.537110210762e-03
9.753844604492e+02 2.332124344016e-03
9.744730834961e+02 2.406450385907e-03
9.735617065430e+02 -4.371803014504e-04
9.726503295898e+02 -4.816015472279e-03
9.717390136719e+02 4.421631546228e-03
9.708276367188e+02 2.199155911949e-03
9.699162597656e+02 2.258327829814e-03
9.690048828125e+02 5.221017131835e-03
9.680935668945e+02 -7.717328438148e-04
9.671821899414e+02 -2.733882557068e-03
9.662708129883e+02 -2.408062572415e-03
9.653594360352e+02 -4.360809056462e-03
9.644481201172e+02 -3.311727442684e-03
9.635367431641e+02 -7.341113439199e-03
9.626253662109e+02 -3.217442188495e-03
9.617139892578e+02 8.179352671976e-04
9.608026733398e+02 1.695450177852e-04
9.598912963867e+02 -4.613466779969e-04
9.589799194336e+02 8.183457644057e-04
9.580685424805e+02 1.111639075627e-03
9.571572265625e+02 -8.693516071298e-04
9.562458496094e+02 -1.511342120430e-03
9.553344726562e+02 -5.224048385794e-03
9.544230957031e+02 8.626678399705e-04
9.535117797852e+02 5.852086374961e-05
9.526004028320e+02 -2.688463100336e-03
9.516890258789e+02 1.701245388727e-03
9.507776489258e+02 -9.153600769894e-04
9.498663330078e+02 -3.827884140631e-03
9.489549560547e+02 -3.040229941766e-03
9.480435791016e+02 4.041237069390e-03
9.471322021484e+02 2.213577852484e-03
9.462208862305e+02 8.125831870751e-04
9.453095092773e+02 4.082595065434e-03
9.443981323242e+02 2.344111792324e-03
9.434867553711e+02 1.123762899369e-03
9.425754394531e+02 -1.566254928595e-03
9.416640625000e+02 -4.898145282460e-05
9.407526855469e+02 4.332074847944e-03
9.398413085938e+02 2.455237505228e-03
9.389299926758e+02 -2.122717958185e-03
9.380186157227e+02 1.443828532133e-03
9.371072387695e+02 6.797635401301e-03
9.361958618164e+02 7.638738995023e-03
9.352845458984e+02 7.176102502254e-03
9.343731689453e+02 5.480833313914e-03
9.334617919922e+02 5.255444299455e-03
9.325504150391e+02 8.559553433710e-04
9.316390991211e+02 -7.837815657005e-04
9.307277221680e+02 4.613766412532e-03
9.298163452148e+02 -4.196173867215e-03
9.289049682617e+02 2.349641673110e-03
9.279936523438e+02 4.359193055256e-03
9.270822753906e+02 2.344512573974e-03
9.261708984375e+02 2.620677476427e-04
9.252595214844e+02 -2.141817433045e-03
9.243482055664e+02 -1.777051175600e-03
9.234368286133e+02 2.261117327322e-03
9.225254516602e+02 6.833025541608e-04
9.216140747070e+02 5.996775911968e-04
9.207027587891e+02 2.417498703387e-03
9.197913818359e+02 -9.406321495513e-04
9.188800048828e+02 -1.962908361208e-03
9.179686279297e+02 2.080645898462e-03
9.170573120117e+02 -3.678579982005e-03
9.161459350586e+02 1.453336903937e-03
9.152345581055e+02 4.088336185091e-03
9.143231811523e+02 9.199417670416e-04
9.134118652344e+02 4.406266421750e-03
9.125004882812e+02 4.005528163427e-03
9.115891113281e+02 2.114172082229e-03
9.106777343750e+02 -2.222578392691e-03
9.097664184570e+02 -2.078992942375e-03
9.088550415039e+02 1.441495248597e-03
9.079436645508e+02 2.250398027497e-03
9.070322875977e+02 3.441633864793e-03
9.061209716797e+02 1.099826388146e-03
9.052095947266e+02 -6.649735885799e-04
9.042982177734e+02 -1.840695587802e-03
9.033868408203e+02 5.818429865632e-04
9.024755249023e+02 5.175239808799e-03
9.015641479492e+02 -5.061959030256e-03
9.006527709961e+02 -3.601717881567e-03
8.997413940430e+02 -1.592128829284e-03
8.988300781250e+02 -2.425425644682e-03
8.979187011719e+02 9.958927508355e-04
8.970073242188e+02 1.665814717260e-03
8.960959472656e+02 -4.463228050270e-05
8.951846313477e+02 2.992176779174e-05
8.942732543945e+02 4.944648500697e-03
8.933618774414e+02 2.422742720283e-03
8.924505004883e+02 -8.507112668699e-04
8.915391845703e+02 1.137131506571e-03
8.906278076172e+02 1.856089560930e-03
8.897164306641e+02 3.524951386985e-03
8.888050537109e+02 2.839936152880e-03
8.878936767578e+02 2.466252682525e-03
8.869823608398e+02 8.841233673415e-04
8.860709838867e+02 2.921231170169e-03
8.851596069336e+02 2.640686637419e-03
8.842482299805e+02 -1.327304545504e-03
8.833369140625e+02 1.805998887965e-03
8.824255371094e+02 -8.304454482651e-04
8.815141601562e+02 -1.098918370944e-03
8.806027832031e+02 4.338587132532e-04
8.796914672852e+02 1.467666695687e-03
8.787800903320e+02 -2.882759946418e-03
8.778687133789e+02 -4.406252593472e-03
8.769573364258e+02 -9.771683680225e-04
8.760460205078e+02 -1.161749775754e-03
8.751346435547e+02 -3.634134226796e-03
8.742232666016e+02 -1.090314678481e-03
8.733118896484e+02 1.133716398682e-03
8.724005737305e+02 1.934483381602e-03
8.714891967773e+02 3.866066818283e-04
8.705778198242e+02 -9.214436700508e-05
8.696664428711e+02 -2.015945530323e-03
8.687551269531e+02 -3.668277914712e-03
8.678437500000e+02 -8.629046492354e-04
8.669323730469e+02 -3.909722990725e-03
8.660209960938e+02 -3.511100697393e-03
8.651096801758e+02 -4.065244390934e-03
8.641983032227e+02 -4.725944266676e-03
8.632869262695e+02 -3.279367125824e-03
8.623755493164e+02 -5.338894620802e-03
8.614642333984e+02 -1.550053193283e-03
8.605528564453e+02 -4.805856456141e-03
8.596414794922e+02 1.751969778305e-03
8.587301025391e+02 1.810544964241e-04
8.578187866211e+02 -5.358134166584e-04
8.569074096680e+02 -9.753669367579e-04
8.559960327148e+02 3.091397909132e-03
8.550846557617e+02 5.320017590486e-03
8.541733398438e+02 5.566415574297e-03
8.532619628906e+02 1.606112943880e-04
8.523505859375e+02 -3.707312998430e-03
8.514392089844e+02 -1.441120096945e-03
8.505278930664e+02 -2.429856177347e-03
8.496165161133e+02 -1.301364602865e-03
8.487051391602e+02 2.638912564688e-03
8.477937622070e+02 4.394399851667e-03
8.468824462891e+02 8.662755304762e-04
8.459710693359e+02 -2.184901818102e-03
8.450596923828e+02 -2.340125910329e-03
8.441483154297e+02 -3.558652331579e-03
8.432369995117e+02 -3.047904516983e-04
8.423256225586e+02 -1.848913757405e-03
8.414142456055e+02 -7.883936302812e-03
8.405028686523e+02 -3.985406588070e-03
8.395915527344e+02 2.122853618362e-03
8.386801757812e+02 5.452793857169e-03
8.377687988281e+02 3.652985984741e-03
8.368574218750e+02 -3.250829135806e-03
8.359461059570e+02 -5.483203194703e-03
8.350347290039e+02 -4.725737319340e-03
8.341233520508e+02 -3.247265016297e-03
8.332119750977e+02 2.498353361540e-03
8.323006591797e+02 -3.315443673253e-03
8.313892822266e+02 -5.121601467209e-04
8.304779052734e+02 2.512361407401e-03
8.295665283203e+02 6.251526175838e-04
8.286552124023e+02 2.841735021145e-03
8.277438354492e+02 2.775779140708e-03
8.268324584961e+02 -4.943592306341e-03
8.259210815430e+02 -7.642223601931e-04
8.250097656250e+02 -5.352978960613e-03
8.240983886719e+02 -6.199345406300e-03
8.231870117188e+02 -7.296863544863e-04
8.222756347656e+02 -2.291583885318e-03
8.213643188477e+02 -3.506684469842e-03
8.204529418945e+02 -4.628343801988e-03
8.195415649414e+02 -5.099625829683e-03
8.186301879883e+02 2.486405490718e-03
8.177188720703e+02 2.001037692700e-03
8.168074951172e+02 -9.756548868105e-04
8.158961181641e+02 -1.998572444475e-03
8.149847412109e+02 -5.980695174090e-04
8.140734252930e+02 6.657335120741e-03
8.131620483398e+02 3.778364122563e-03
8.122506713867e+02 4.070230677334e-03
8.113392944336e+02 3.964234778821e-03
8.104279785156e+02 -3.796614111985e-03
8.095166015625e+02 -7.648624783456e-03
8.086052246094e+02 -6.085133841580e-03
8.076938476562e+02 -5.494159482608e-03
8.067825317383e+02 -1.497064303933e-03
8.058711547852e+02 -4.041986180601e-03
8.049597778320e+02 -1.399733848298e-03
8.040484008789e+02 1.233445106918e-03
8.031370849609e+02 1.764883125209e-03
8.022257080078e+02 -4.634405356231e-03
8.013143310547e+02 -1.779027546505e-03
8.004029541016e+02 3.082443145294e-03
7.994916381836e+02 3.341772238193e-03
7.985802612305e+02 -1.083420924148e-03
7.976688842773e+02 1.660650093754e-03
7.967575073242e+02 2.627720242379e-03
7.958461914062e+02 4.179018219123e-03
7.949348144531e+02 1.044387390151e-03
7.940234375000e+02 3.502041267794e-03
7.931120605469e+02 2.898567754614e-04
7.922007446289e+02 8.078698541982e-03
7.912893676758e+02 7.960644146421e-03
7.903779907227e+02 -1.142100149996e-03
7.894666137695e+02 2.828530445932e-03
7.885552978516e+02 -1.001900482082e-03
7.876439208984e+02 -2.342858574806e-04
7.867325439453e+02 2.297759403648e-03
7.858211669922e+02 3.568667819725e-03
7.849098510742e+02 3.616967373030e-04
7.839984741211e+02 -4.149304110198e-03
7.830870971680e+02 -2.333588561987e-04
7.821757202148e+02 -2.303956111429e-04
7.812644042969e+02 -5.298218978764e-03
7.803530273438e+02 -3.094357637514e-03
7.794416503906e+02 -4.129416661896e-03
7.785302734375e+02 -3.009590530292e-03
7.776189575195e+02 1.577394441187e-03
7.767075805664e+02 6.620274500580e-04
7.757962036133e+02 8.296609318934e-04
7.748848266602e+02 -1.097413711220e-03
7.739735107422e+02 1.854359953266e-03
7.730621337891e+02 1.269602478249e-03
7.721507568359e+02 -1.627537685451e-03
7.712393798828e+02 7.122587303866e-04
7.703280639648e+02 -3.070760872782e-03
7.694166870117e+02 -1.708428493822e-04
7.685053100586e+02 7.468497154204e-03
7.675939331055e+02 3.375081699462e-03
7.666826171875e+02 2.406393880701e-03
7.657712402344e+02 -1.200699982453e-03
7.648598632812e+02 4.634470861739e-04
7.639484863281e+02 2.838786975274e-03
7.630371704102e+02 2.239957200585e-03
7.621257934570e+02 -3.340238252983e-03
7.612144165039e+02 2.001000499400e-03
7.603030395508e+02 1.396673507272e-03
7.593917236328e+02 4.868679575904e-04
7.584803466797e+02 -1.829867330681e-03
7.575689697266e+02 -1.822676387575e-03
7.566575927734e+02 -3.576817205565e-03
7.557462768555e+02 -3.887597030278e-03
7.548348999023e+02 -4.412042350521e-03
7.539235229492e+02 -2.475408194816e-03
7.530121459961e+02 -5.029114485239e-03
7.521008300781e+02 -2.818225994454e-03
7.511894531250e+02 -3.500831531866e-03
7.502780761719e+02 -1.530538035610e-03
7.493666992188e+02 5.498029970005e-03
7.484553833008e+02 -1.328085843224e-03
7.475440063477e+02 -2.803760900155e-03
7.466326293945e+02 1.239981590993e-03
7.457212524414e+02 -9.638703923276e-04
7.448099365234e+02 -1.339726034855e-03
7.438985595703e+02 3.838995639038e-03
7.429871826172e+02 6.231443224292e-03
7.420758056641e+02 -3.818836393543e-03
7.411644897461e+02 4.032103253191e-03
7.402531127930e+02 1.246897041417e-03
7.393417358398e+02 3.475969241256e-03
7.384303588867e+02 3.955329129213e-03
7.375190429688e+02 9.172000128563e-04
7.366076660156e+02 2.927415748405e-03
7.356962890625e+02 3.703580316978e-03
7.347849121094e+02 -1.683316549146e-03
7.338735351562e+02 -3.610397987189e-03
7.329622192383e+02 -5.060668232007e-03
7.320508422852e+02 -2.093295703417e-04
7.311394653320e+02 -8.099293497451e-04
7.302280883789e+02 -2.738320242292e-03
7.293167724609e+02 -2.705181250315e-03
7.284053955078e+02 -1.315398874772e-04
7.274940185547e+02 -1.643227893677e-03
7.265826416016e+02 6.996785496209e-03
7.256713256836e+02 3.283087409509e-03
7.247599487305e+02 1.981547449770e-03
7.238485717773e+02 -3.643760854222e-03
7.229371948242e+02 -1.140099102766e-03
7.220258789062e+02 -1.965734694388e-03
7.211145019531e+02 -1.779527987126e-03
7.202031250000e+02 2.193717911727e-04
7.192917480469e+02 3.359822194419e-03
7.183804321289e+02 -4.925804848984e-03
7.174690551758e+02 -1.985865329652e-03
7.165576782227e+02 4.977776763836e-03
7.156463012695e+02 1.418591685917e-03
7.147349853516e+02 2.279232371823e-03
7.138236083984e+02 5.607202796235e-03
7.129122314453e+02 2.059032299566e-03
7.120008544922e+02 1.040082027245e-03
7.110895385742e+02 -9.857702127418e-04
7.101781616211e+02 -3.413161439887e-03
7.092667846680e+02 -3.090156463532e-03
7.083554077148e+02 -3.955842206020e-03
7.074440917969e+02 -2.318779101835e-03
7.065327148438e+02 1.428997703715e-03
7.056213378906e+02 7.204137190628e-04
7.047099609375e+02 -4.040544701803e-03
7.037986450195e+02 -2.766262901090e-03
7.028872680664e+02 -1.103830986000e-03
7.019758911133e+02 -2.558132293136e-03
7.010645141602e+02 -5.039479971876e-03
7.001531982422e+02 -7.732140193078e-04
6.992418212891e+02 5.969358966162e-04
6.983304443359e+02 2.419823523062e-03
6.974190673828e+02 2.338245063322e-05
6.965077514648e+02 6.834940638935e-04
6.955963745117e+02 -9.894614689634e-04
6.946849975586e+02 -3.734517274853e-03
6.937736206055e+02 -2.122129541103e-03
6.928623046875e+02 1.922031136252e-03
6.919509277344e+02 8.912341421963e-04
6.910395507812e+02 -2.439839478984e-03
6.901281738281e+02 -3.927470870596e-03
6.892168579102e+02 -3.452605411488e-03
6.883054809570e+02 -3.522419619973e-03
6.873941040039e+02 5.355680720079e-03
6.864827270508e+02 -9.021740984273e-04
6.855714111328e+02 -1.999665116875e-03
6.846600341797e+02 2.128618341460e-03
6.837486572266e+02 -7.778112065684e-04
6.828372802734e+02 -3.137904793055e-03
6.819259643555e+02 1.013643193707e-03
6.810145874023e+02 -3.627647333788e-03
6.801032104492e+02 1.584016398326e-03
6.791918334961e+02 2.495500206268e-03
6.782805175781e+02 -3.436874076054e-03
6.773691406250e+02 -3.249886667118e-03
6.764577636719e+02 -2.019520855505e-03
6.755463867188e+02 -2.926441331625e-03
6.746350708008e+02 4.516386723458e-03
6.737236938477e+02 3.587498119997e-03
6.728123168945e+02 2.584079865169e-03
6.719009399414e+02 4.022328567820e-03
6.709896240234e+02 3.183493288567e-03
6.700782470703e+02 2.709309706627e-03
6.691668701172e+02 6.182126815699e-03
6.682554931641e+02 1.713276348428e-03
6.673441772461e+02 4.567239277930e-05
6.664328002930e+02 1.222421823389e-03
6.655214233398e+02 1.670881827562e-03
6.646100463867e+02 1.210149345656e-03
6.636987304688e+02 -6.192458566106e-04
6.627873535156e+02 -1.996008252535e-03
6.618759765625e+02 -1.461510489264e-03
6.609645996094e+02 2.773013485059e-03
6.600532836914e+02 7.159673911653e-04
6.591419067383e+02 9.837560822922e-06
6.582305297852e+02 1.071998885527e-03
6.573191528320e+02 2.379574411882e-03
6.564078369141e+02 5.348953501132e-03
6.554964599609e+02 -1.362360899784e-03
6.545850830078e+02 -1.316515508240e-03
6.536737060547e+02 -5.393265741930e-04
6.527623901367e+02 -1.292494119999e-03
6.518510131836e+02 3.195455524110e-04
6.509396362305e+02 1.836705771901e-03
6.500282592773e+02 2.375093096057e-03
6.491169433594e+02 2.526537776788e-03
6.482055664062e+02 2.597234134058e-03
6.472941894531e+02 -6.117259316128e-03
6.463828125000e+02 -4.202279290479e-03
6.454714965820e+02 2.390525305566e-04
6.445601196289e+02 6.444994755736e-03
6.436487426758e+02 1.343129817862e-03
6.427373657227e+02 2.327788433728e-04
6.418260498047e+02 1.686431368820e-03
6.409146728516e+02 1.356662099426e-03
6.400032958984e+02 2.915015657121e-04
6.390919189453e+02 -6.619680719081e-03
6.381806030273e+02 -4.286527837266e-03
6.372692260742e+02 -3.636477881540e-03
6.363578491211e+02 7.400893920516e-04
6.354464721680e+02 -9.963119980059e-03
6.345351562500e+02 -1.148758346761e-03
6.336237792969e+02 -4.299427713520e-03
6.327124023438e+02 2.164204223430e-03
6.318010253906e+02 3.525168347902e-03
6.308897094727e+02 3.751686512806e-03
6.299783325195e+02 -1.798509921622e-03
6.290669555664e+02 -1.371734207457e-04
6.281555786133e+02 3.945629307280e-03
6.272442626953e+02 -1.202312765008e-03
6.263328857422e+02 -7.712507614249e-04
6.254215087891e+02 -6.080845287184e-04
6.245101318359e+02 5.602057246216e-03
6.235988159180e+02 3.222498569961e-03
6.226874389648e+02 4.362308709396e-03
