#title: Spectral profile - NGC_1052.Line.NatClean.image-raster
#region (world): Point[[02:41:04.798, -08d15m20.751]]
#region (pixel): Point[[256, 256]]
#coordinate: world
#xLabel: radio velocity [km/s]
#yLabel: [Jy/beam] Mean

# NGC_1052.Line.NatClean.image-raster
2.370682861328e+03 -7.025092577822e-04
2.369771484375e+03 3.622616105483e-04
2.368860107422e+03 9.603022793079e-04
2.367948730469e+03 2.207258329326e-03
2.367037597656e+03 1.404169387755e-03
2.366126220703e+03 -1.924429984899e-03
2.365214843750e+03 4.890750580866e-04
2.364303466797e+03 -6.612338141752e-04
2.363392089844e+03 -2.159627063331e-03
2.362480712891e+03 -3.591933897872e-03
2.361569335938e+03 5.168970353545e-03
2.360657958984e+03 3.389419955071e-03
2.359746582031e+03 1.104227356907e-03
2.358835205078e+03 2.539111019573e-03
2.357923828125e+03 -5.707298192263e-04
2.357012451172e+03 2.471657870388e-03
2.356101318359e+03 -1.539630217963e-04
2.355189941406e+03 -3.850679818899e-03
2.354278564453e+03 -1.038226296147e-03
2.353367187500e+03 3.003807687381e-03
2.352455810547e+03 -1.668084104613e-03
2.351544433594e+03 7.313277472721e-04
2.350633056641e+03 2.267946827845e-03
2.349721679688e+03 3.531427312738e-03
2.348810302734e+03 5.338576689612e-04
2.347898925781e+03 2.264434683589e-03
2.346987548828e+03 9.331145580754e-05
2.346076171875e+03 1.104256324765e-03
2.345164794922e+03 1.435803243170e-04
2.344253662109e+03 4.641410571255e-03
2.343342285156e+03 1.137821966809e-03
2.342430908203e+03 4.380492180032e-04
2.341519531250e+03 -1.523181153165e-03
2.340608154297e+03 1.930947514696e-03
2.339696777344e+03 3.175885112928e-03
2.338785400391e+03 2.052284338201e-03
2.337874023438e+03 3.852654878502e-04
2.336962646484e+03 4.397769183187e-03
2.336051269531e+03 2.293830742115e-03
2.335139892578e+03 1.809661355142e-03
2.334228515625e+03 1.192866143618e-03
2.333317138672e+03 -1.352867309932e-03
2.332406005859e+03 3.752842842969e-03
2.331494628906e+03 2.186092718961e-03
2.330583251953e+03 2.615199928521e-03
2.329671875000e+03 -2.953471324059e-03
2.328760498047e+03 3.086991933581e-03
2.327849121094e+03 1.914179058395e-03
2.326937744141e+03 -1.289715351328e-03
2.326026367188e+03 2.433899518222e-03
2.325114990234e+03 2.895482916077e-03
2.324203613281e+03 2.209766910130e-04
2.323292236328e+03 -3.001914643773e-03
2.322380859375e+03 3.917104668703e-03
2.321469482422e+03 -1.762511933118e-03
2.320558349609e+03 -2.964454314846e-03
2.319646972656e+03 1.910024852875e-03
2.318735595703e+03 3.198256048477e-04
2.317824218750e+03 1.858568399015e-03
2.316912841797e+03 -1.976684783409e-03
2.316001464844e+03 4.444852980494e-04
2.315090087891e+03 3.127023353687e-05
2.314178710938e+03 -6.089114239947e-04
2.313267333984e+03 -2.939591308980e-03
2.312355957031e+03 -4.645807010062e-03
2.311444580078e+03 6.006815718811e-04
2.310533203125e+03 3.121550946682e-03
2.309621826172e+03 -9.581350543209e-04
2.308710693359e+03 2.479520110838e-04
2.307799316406e+03 -1.286883057683e-03
2.306887939453e+03 1.190188702847e-03
2.305976562500e+03 9.933702225442e-04
2.305065185547e+03 2.904993433649e-03
2.304153808594e+03 2.632793015123e-04
2.303242431641e+03 1.669549663688e-03
2.302331054688e+03 -5.302623523803e-03
2.301419677734e+03 -1.627929049567e-03
2.300508300781e+03 -1.715455136717e-03
2.299596923828e+03 -2.261513877043e-04
2.298685546875e+03 2.405334348485e-03
2.297774414062e+03 -1.246362745356e-03
2.296863037109e+03 2.031718141975e-04
2.295951660156e+03 -4.485441361328e-04
2.295040283203e+03 -1.152248079669e-03
2.294128906250e+03 -2.163511379006e-03
2.293217529297e+03 1.819091168021e-03
2.292306152344e+03 1.993287151361e-04
2.291394775391e+03 3.090526966021e-03
2.290483398438e+03 2.724118123697e-03
2.289572021484e+03 -5.156158453751e-04
2.288660644531e+03 3.201767358268e-03
2.287749267578e+03 3.658586199012e-03
2.286837890625e+03 1.635072785792e-03
2.285926757812e+03 -1.147743160403e-03
2.285015380859e+03 3.199718150483e-03
2.284104003906e+03 1.344077412549e-03
2.283192626953e+03 6.876964895730e-04
2.282281250000e+03 -2.418100948746e-03
2.281369873047e+03 1.175668891481e-03
2.280458496094e+03 -9.530715202975e-04
2.279547119141e+03 -4.957222577947e-04
2.278635742188e+03 -2.310572733953e-03
2.277724365234e+03 -9.102923110359e-04
2.276812988281e+03 -7.174396855658e-04
2.275901611328e+03 -3.341984535047e-05
2.274990234375e+03 3.607581071543e-03
2.274079101562e+03 8.382600347989e-04
2.273167724609e+03 -3.264689302537e-04
2.272256347656e+03 -1.288698853667e-03
2.271344970703e+03 -2.005749797722e-03
2.270433593750e+03 1.697900673927e-04
2.269522216797e+03 8.093992260092e-04
2.268610839844e+03 -5.392153996043e-03
2.267699462891e+03 -2.498285173823e-03
2.266788085938e+03 -3.177820893069e-04
2.265876708984e+03 3.448352381462e-04
2.264965332031e+03 -1.296724857886e-03
2.264053955078e+03 -2.026759243910e-03
2.263142578125e+03 -1.599246488476e-04
2.262231445312e+03 -4.361710755571e-03
2.261320068359e+03 1.610506491862e-03
2.260408691406e+03 1.366832559657e-03
2.259497314453e+03 -2.219751463465e-03
2.258585937500e+03 -1.344542448010e-03
2.257674560547e+03 -2.541880728338e-03
2.256763183594e+03 7.916800755781e-04
2.255851806641e+03 -6.573338820823e-04
2.254940429688e+03 -1.756924921277e-04
2.254029052734e+03 1.248079150591e-04
2.253117675781e+03 2.270748246282e-03
2.252206298828e+03 2.259163486974e-03
2.251295166016e+03 8.770788728548e-04
2.250383789062e+03 1.932473512884e-03
2.249472412109e+03 -5.342705503551e-04
2.248561035156e+03 -1.915784211555e-03
2.247649658203e+03 1.728341780738e-03
2.246738281250e+03 2.953506848429e-03
2.245826904297e+03 2.902725596017e-03
2.244915527344e+03 -5.796433366479e-04
2.244004150391e+03 3.177070053323e-03
2.243092773438e+03 8.460307523120e-04
2.242181396484e+03 1.914074035005e-03
2.241270019531e+03 5.759834086291e-03
2.240358642578e+03 3.313218989385e-03
2.239447509766e+03 -7.437577004839e-04
2.238536132812e+03 2.848506824368e-03
2.237624755859e+03 7.933481116414e-04
2.236713378906e+03 -2.422192927014e-03
2.235802001953e+03 -3.743084846900e-03
2.234890625000e+03 1.705792865712e-03
2.233979248047e+03 2.083576778194e-03
2.233067871094e+03 4.362434057970e-04
2.232156494141e+03 1.102423124224e-03
2.231245117188e+03 -2.491376518328e-03
2.230333740234e+03 -3.405625743500e-03
2.229422363281e+03 1.588534430615e-03
2.228510986328e+03 4.215401372859e-03
2.227599853516e+03 4.982569156318e-04
2.226688476562e+03 6.241788564558e-04
2.225777099609e+03 1.224661885256e-03
2.224865722656e+03 2.670388944624e-04
2.223954345703e+03 6.963411900340e-04
2.223042968750e+03 -3.279870904305e-04
2.222131591797e+03 -3.398129863017e-03
2.221220214844e+03 3.558575560793e-03
2.220308837891e+03 5.015209436208e-03
2.219397460938e+03 4.169172008175e-03
2.218486083984e+03 5.010659455828e-03
2.217574707031e+03 1.778088177259e-03
2.216663330078e+03 2.689787277187e-03
2.215752197266e+03 7.363036624635e-04
2.214840820312e+03 6.511720132174e-04
2.213929443359e+03 6.560576273677e-04
2.213018066406e+03 2.719356427609e-03
2.212106689453e+03 -2.832613364293e-03
2.211195312500e+03 -3.362837712751e-03
2.210283935547e+03 -8.156798273322e-04
2.209372558594e+03 -2.937641283329e-03
2.208461181641e+03 6.945818396506e-04
2.207549804688e+03 4.119546132252e-03
2.206638427734e+03 4.878450565786e-04
2.205727050781e+03 2.533626438319e-03
2.204815673828e+03 7.105226854204e-04
2.203904541016e+03 -2.643124467506e-03
2.202993164062e+03 -1.176525887105e-03
2.202081787109e+03 -1.005537438469e-03
2.201170410156e+03 1.290687145502e-03
2.200259033203e+03 4.212929806541e-04
2.199347656250e+03 8.254653607483e-04
2.198436279297e+03 -1.955342862497e-03
2.197524902344e+03 5.982914106109e-05
2.196613525391e+03 6.139914089009e-04
2.195702148438e+03 5.340354100203e-04
2.194790771484e+03 1.621218281502e-03
2.193879394531e+03 1.281583489255e-03
2.192968261719e+03 1.175731476361e-03
2.192056884766e+03 3.162399919035e-03
2.191145507812e+03 -3.038796926829e-04
2.190234130859e+03 -1.650892932150e-03
2.189322753906e+03 -1.452657172536e-03
2.188411376953e+03 2.130750757333e-03
2.187500000000e+03 1.193680700732e-03
2.186588623047e+03 8.151416569689e-04
2.185677246094e+03 -2.642129785147e-04
2.184765869141e+03 -2.044063188366e-03
2.183854492188e+03 -2.030881262920e-03
2.182943115234e+03 3.729223428471e-03
2.182031738281e+03 4.124659257343e-03
2.181120605469e+03 -2.639175480789e-04
2.180209228516e+03 -2.027868277786e-04
2.179297851562e+03 -2.041073985486e-04
2.178386474609e+03 1.051825215708e-03
2.177475097656e+03 -2.025632716070e-03
2.176563720703e+03 -3.684920485998e-03
2.175652343750e+03 1.721990667117e-03
2.174740966797e+03 1.898687214435e-03
2.173829589844e+03 4.393139570998e-03
2.172918212891e+03 2.403058643039e-03
2.172006835938e+03 3.054657365929e-03
2.171095458984e+03 3.939005025559e-04
2.170184082031e+03 -4.503698488407e-05
2.169272949219e+03 1.112246089358e-03
2.168361572266e+03 1.736565314759e-03
2.167450195312e+03 2.782168758931e-03
2.166538818359e+03 -4.157975215518e-04
2.165627441406e+03 -1.279769839037e-03
2.164716064453e+03 -1.122149997605e-03
2.163804687500e+03 1.437877335895e-04
2.162893310547e+03 -1.278470815348e-03
2.161981933594e+03 -2.452588913107e-03
2.161070556641e+03 -4.475388739486e-03
2.160159179688e+03 -2.018243408697e-03
2.159247802734e+03 -1.637609976826e-04
2.158336425781e+03 -4.507972931402e-03
2.157425292969e+03 -1.060918739165e-03
2.156513916016e+03 1.236002384719e-03
2.155602539062e+03 2.024471140698e-03
2.154691162109e+03 -1.336090628189e-04
2.153779785156e+03 -8.019630693832e-04
2.152868408203e+03 6.824518170255e-04
2.151957031250e+03 -3.664131100169e-03
2.151045654297e+03 -1.678588589288e-03
2.150134277344e+03 2.184869870011e-03
2.149222900391e+03 9.882029168292e-04
2.148311523438e+03 1.247363507390e-03
2.147400146484e+03 -1.339780513503e-03
2.146489013672e+03 -1.157551582004e-03
2.145577636719e+03 6.856889454370e-04
2.144666259766e+03 -1.052516391201e-03
2.143754882812e+03 1.642731983009e-03
2.142843505859e+03 2.892438310678e-04
2.141932128906e+03 9.039257151077e-05
2.141020751953e+03 3.994903754201e-03
2.140109375000e+03 3.339246074019e-04
2.139197998047e+03 1.321948471870e-03
2.138286621094e+03 -1.109454088455e-03
2.137375244141e+03 -6.537486625287e-04
2.136463867188e+03 -1.770624721704e-03
2.135552490234e+03 -1.465641329761e-03
2.134641357422e+03 4.389276116950e-04
2.133729980469e+03 7.917338389702e-04
2.132818603516e+03 3.073383000440e-03
2.131907226562e+03 3.008652591557e-03
2.130995849609e+03 6.886631577479e-04
2.130084472656e+03 2.457891342558e-03
2.129173095703e+03 1.152783925451e-03
2.128261718750e+03 3.517000126994e-03
2.127350341797e+03 5.595713523572e-04
2.126438964844e+03 -1.540095283226e-03
2.125527587891e+03 5.229798207730e-04
2.124616210938e+03 2.826081350567e-04
2.123704833984e+03 1.203746018364e-03
2.122793701172e+03 -1.240665137092e-03
2.121882324219e+03 -5.089215877978e-04
2.120970947266e+03 -1.674076159837e-03
2.120059570312e+03 -4.221714637529e-04
2.119148193359e+03 -6.082600048010e-04
2.118236816406e+03 -8.791478693826e-04
2.117325439453e+03 1.357828800799e-03
2.116414062500e+03 1.997734522339e-03
2.115502685547e+03 -2.493441461740e-03
2.114591308594e+03 2.221129999755e-03
2.113679931641e+03 8.857542697093e-04
2.112768554688e+03 7.096646765181e-04
2.111857177734e+03 -2.306277146209e-03
2.110946044922e+03 -2.242099868457e-03
2.110034667969e+03 1.220921932037e-03
2.109123291016e+03 1.350533311141e-03
2.108211914062e+03 2.519965291506e-03
2.107300537109e+03 6.794258082758e-04
2.106389160156e+03 8.279083168351e-04
2.105477783203e+03 -2.823638334876e-03
2.104566406250e+03 -2.443167087251e-04
2.103655029297e+03 -3.556807210107e-03
2.102743652344e+03 -1.901337237068e-03
2.101832275391e+03 -4.233698569162e-03
2.100920898438e+03 -1.124803954144e-03
2.100009521484e+03 -8.285079395901e-04
2.099098388672e+03 -1.095047525919e-03
2.098187011719e+03 -2.246065008034e-03
2.097275634766e+03 -3.656146461576e-03
2.096364257812e+03 -5.394281166707e-03
2.095452880859e+03 7.586791279657e-04
2.094541503906e+03 2.567330959191e-03
2.093630126953e+03 3.926858194424e-04
2.092718750000e+03 -6.503280114073e-04
2.091807373047e+03 -3.919024653612e-04
2.090895996094e+03 8.008689664717e-04
2.089984619141e+03 -1.078093222326e-03
2.089073242188e+03 -3.497932600225e-03
2.088162109375e+03 -3.793983878096e-03
2.087250732422e+03 5.160496480004e-04
2.086339355469e+03 1.249716222040e-03
2.085427978516e+03 3.039235915058e-04
2.084516601562e+03 7.419368381042e-04
2.083605224609e+03 5.988613055478e-04
2.082693847656e+03 1.054225852495e-03
2.081782470703e+03 -1.950479838508e-03
2.080871093750e+03 -2.856128351449e-04
2.079959716797e+03 1.086509875406e-03
2.079048339844e+03 -3.846061650803e-03
2.078136962891e+03 -1.352883880024e-03
2.077225585938e+03 -1.223805962516e-03
2.076314453125e+03 -1.361135905066e-03
2.075403076172e+03 -2.710250148757e-04
2.074491699219e+03 -2.797934903479e-03
2.073580322266e+03 -3.757428824556e-03
2.072668945312e+03 3.792829693700e-03
2.071757568359e+03 -4.498000358602e-04
2.070846191406e+03 3.440668507921e-03
2.069934814453e+03 -1.172306474100e-03
2.069023437500e+03 -2.049808122721e-03
2.068112060547e+03 -1.110706620520e-03
2.067200683594e+03 -3.230591689013e-03
2.066289306641e+03 9.493616674258e-04
2.065377929688e+03 1.732335053709e-03
2.064466796875e+03 -6.066031744115e-04
2.063555419922e+03 3.808935107901e-03
2.062644042969e+03 2.612556104772e-03
2.061732666016e+03 -1.164019163107e-03
2.060821289062e+03 1.529429627583e-04
2.059909912109e+03 -1.044786979709e-03
2.058998535156e+03 -2.472047446365e-03
2.058087158203e+03 1.790864910310e-03
2.057175781250e+03 -4.071496680050e-03
2.056264404297e+03 -1.260941207696e-03
2.055353027344e+03 5.563381578524e-04
2.054441650391e+03 -2.915839572165e-03
2.053530273438e+03 -6.702940782392e-04
2.052619140625e+03 -3.661718542453e-04
2.051707763672e+03 -2.430263634718e-03
2.050796386719e+03 -3.398920220644e-03
2.049885009766e+03 -3.916485495624e-03
2.048973632812e+03 1.034296442521e-03
2.048062255859e+03 1.044692565947e-03
2.047150878906e+03 1.752296292565e-03
2.046239501953e+03 -1.151705587969e-05
2.045328125000e+03 1.457348535140e-03
2.044416870117e+03 -3.456465885304e-03
2.043505493164e+03 1.818127956916e-03
2.042594116211e+03 1.195349154028e-03
2.041682739258e+03 2.545592667372e-03
2.040771362305e+03 1.873859494521e-03
2.039859985352e+03 3.381631534978e-03
2.038948608398e+03 1.987198447201e-03
2.038037353516e+03 2.347039811033e-03
2.037125976562e+03 3.034549857268e-03
2.036214599609e+03 -1.653654296264e-03
2.035303222656e+03 1.038772989975e-03
2.034391845703e+03 2.916884799265e-03
2.033480468750e+03 1.284781874645e-03
2.032569213867e+03 -1.644040066605e-03
2.031657836914e+03 3.705094334632e-04
2.030746459961e+03 -1.917036266782e-04
2.029835083008e+03 -3.942115494095e-03
2.028923706055e+03 -2.355279080681e-03
2.028012329102e+03 -1.962791774517e-03
2.027101074219e+03 -1.144403750416e-03
2.026189697266e+03 -4.928584809748e-03
2.025278320312e+03 -4.783013094155e-03
2.024366943359e+03 -5.400997895236e-03
2.023455566406e+03 -9.705339535114e-04
2.022544189453e+03 -1.400425977466e-03
2.021632812500e+03 -9.307500566060e-04
2.020721557617e+03 8.686587627061e-04
2.019810180664e+03 -1.036333014120e-03
2.018898803711e+03 -4.158282179453e-04
2.017987426758e+03 2.202950343816e-03
2.017076049805e+03 8.474563166688e-04
2.016164672852e+03 -3.602903537218e-03
2.015253417969e+03 -4.200737377850e-04
2.014342041016e+03 3.089147237638e-03
2.013430664062e+03 1.580114558885e-03
2.012519287109e+03 7.185872985497e-05
2.011607910156e+03 -2.121122699396e-03
2.010696533203e+03 -3.165564985428e-04
2.009785156250e+03 -5.606764821284e-04
2.008873901367e+03 1.252784669299e-03
2.007962524414e+03 -2.731989751879e-03
2.007051147461e+03 -1.808256473598e-03
2.006139770508e+03 -4.783402193294e-03
2.005228393555e+03 -5.856972614960e-04
2.004317016602e+03 1.494398188046e-03
2.003405761719e+03 1.333011452093e-04
2.002494384766e+03 -5.663883955086e-04
2.001583007812e+03 -1.296884479133e-03
2.000671630859e+03 1.235234915276e-03
1.999760253906e+03 -3.908188230654e-04
1.998848876953e+03 -5.543652797794e-03
1.997937622070e+03 -3.620798998196e-03
1.997026245117e+03 -2.262789833734e-03
1.996114868164e+03 3.631832056887e-03
1.995203491211e+03 -1.929578753569e-03
1.994292114258e+03 -7.876892463976e-04
1.993380737305e+03 1.347899500972e-03
1.992469360352e+03 -8.387441437467e-04
1.991558105469e+03 5.975224659533e-04
1.990646728516e+03 2.603325252207e-03
1.989735351562e+03 -4.661390525970e-03
1.988823974609e+03 2.351117245766e-03
1.987912597656e+03 3.862538044331e-03
1.987001220703e+03 3.799170674531e-03
1.986089965820e+03 -4.915272826961e-04
1.985178588867e+03 5.750187312495e-04
1.984267211914e+03 -2.997490786828e-03
1.983355834961e+03 3.196369561381e-03
1.982444458008e+03 -9.615721563251e-04
1.981533081055e+03 4.233012877296e-03
1.980621704102e+03 2.523638129891e-03
1.979710449219e+03 2.910272259660e-03
1.978799072266e+03 4.123820262323e-04
1.977887695312e+03 4.372004478213e-04
1.976976318359e+03 -1.058306744298e-04
1.976064941406e+03 -2.406870479463e-03
1.975153564453e+03 -5.330693498128e-03
1.974242309570e+03 -4.854363672037e-03
1.973330932617e+03 -2.149091584239e-03
1.972419555664e+03 -1.673756559716e-03
1.971508178711e+03 -3.020233059332e-03
1.970596801758e+03 5.451083442201e-04
1.969685424805e+03 -5.529514217754e-04
1.968774169922e+03 -6.695112158964e-05
1.967862792969e+03 2.762569081868e-03
1.966951416016e+03 -2.270264018125e-03
1.966040039062e+03 -9.706915481996e-04
1.965128662109e+03 -5.330572858322e-03
1.964217285156e+03 -3.798490227873e-03
1.963305908203e+03 6.001297520535e-04
1.962394653320e+03 4.633264284857e-03
1.961483276367e+03 -2.803085460288e-03
1.960571899414e+03 -3.386052769319e-03
1.959660522461e+03 2.777808082912e-03
1.958749145508e+03 4.692196115201e-03
1.957837768555e+03 3.822417679190e-03
1.956926513672e+03 3.040670300903e-03
1.956015136719e+03 2.668965943267e-03
1.955103759766e+03 9.339282360210e-04
1.954192382812e+03 -1.854114739746e-03
1.953281005859e+03 1.007004666475e-03
1.952369628906e+03 -8.291703260389e-04
1.951458374023e+03 -1.885535955580e-04
1.950546997070e+03 2.115374665599e-03
1.949635620117e+03 1.265771449128e-03
1.948724243164e+03 4.440993519957e-03
1.947812866211e+03 5.409474033754e-04
1.946901489258e+03 -4.972381827972e-03
1.945990112305e+03 -2.205090389084e-03
1.945078857422e+03 -2.293969740153e-03
1.944167480469e+03 -7.126172404210e-03
1.943256103516e+03 -2.837267772016e-03
1.942344726562e+03 -2.300627340872e-03
1.941433349609e+03 -1.644728619495e-03
1.940521972656e+03 1.134942347074e-03
1.939610717773e+03 3.065419342682e-04
1.938699340820e+03 -9.754639731242e-04
1.937787963867e+03 2.229327784568e-03
1.936876586914e+03 2.387221211333e-03
1.935965209961e+03 1.920338721887e-03
1.935053833008e+03 6.871059863292e-04
1.934142456055e+03 3.038538600286e-03
1.933231201172e+03 3.158962638217e-03
1.932319824219e+03 4.008937549271e-03
1.931408447266e+03 3.096386341300e-04
1.930497070312e+03 -2.294137348422e-03
1.929585693359e+03 3.173477562002e-03
1.928674316406e+03 -8.425919813776e-04
1.927763061523e+03 -1.470524023284e-03
1.926851684570e+03 -4.104381756227e-03
1.925940307617e+03 -6.502500485282e-04
1.925028930664e+03 -1.572018750173e-05
1.924117553711e+03 -2.691145071060e-03
1.923206176758e+03 -1.043614317872e-03
1.922294921875e+03 3.948006519441e-04
1.921383544922e+03 -3.093953756421e-03
1.920472167969e+03 -4.311413969735e-04
1.919560791016e+03 -5.280814570674e-05
1.918649414062e+03 -2.251715767046e-03
1.917738037109e+03 -2.140581232654e-03
1.916826660156e+03 -2.769317281651e-03
1.915915405273e+03 3.221128378322e-03
1.915004028320e+03 2.345486513916e-03
1.914092651367e+03 3.296484805756e-04
1.913181274414e+03 4.912029022829e-03
1.912269897461e+03 2.065322974074e-03
1.911358520508e+03 -5.757143174870e-04
1.910447265625e+03 -3.296570040402e-04
1.909535888672e+03 2.449477788921e-03
1.908624511719e+03 1.195941385807e-03
1.907713134766e+03 -3.144900232917e-03
1.906801757812e+03 -3.655045921362e-03
1.905890380859e+03 -4.175972764357e-05
1.904979003906e+03 1.374402945949e-03
1.904067749023e+03 -1.989943479641e-03
1.903156372070e+03 -1.192763742833e-03
1.902244995117e+03 -1.106097393121e-03
1.901333618164e+03 -4.669367535168e-03
1.900422241211e+03 -4.391624182437e-03
1.899510864258e+03 -3.898436969910e-03
1.898599609375e+03 -5.340289727184e-04
1.897688232422e+03 2.996982955231e-03
1.896776855469e+03 -1.022726465165e-03
1.895865478516e+03 -2.341123453711e-03
1.894954101562e+03 -4.192445477298e-03
1.894042724609e+03 1.113837652659e-03
1.893131469727e+03 4.200447401239e-04
1.892220092773e+03 -2.968223474342e-03
1.891308715820e+03 1.370112383622e-05
1.890397338867e+03 -1.474776814891e-03
1.889485961914e+03 -3.528668332810e-03
1.888574584961e+03 -2.544421555256e-03
1.887663208008e+03 -9.082262947406e-04
1.886751953125e+03 4.464286181776e-04
1.885840576172e+03 1.073393515072e-03
1.884929199219e+03 1.239118515695e-03
1.884017822266e+03 -3.019821072007e-03
1.883106445312e+03 -3.483471559041e-03
1.882195068359e+03 -3.466855213800e-03
1.881283813477e+03 -5.584679391998e-03
1.880372436523e+03 5.016368150557e-03
1.879461059570e+03 3.923455663115e-04
1.878549682617e+03 5.597865847397e-05
1.877638305664e+03 -2.851132289886e-03
1.876726928711e+03 -8.649000936280e-04
1.875815673828e+03 -4.229289494170e-05
1.874904296875e+03 -5.550681854677e-03
1.873992919922e+03 -2.983926914800e-03
1.873081542969e+03 -1.164610202792e-03
1.872170166016e+03 -6.263031660965e-04
1.871258789062e+03 -1.685420116369e-03
1.870347412109e+03 -9.720422491191e-04
1.869436157227e+03 -2.052738048779e-03
1.868524780273e+03 -8.687628324208e-04
1.867613403320e+03 1.053273251017e-03
1.866702026367e+03 -1.226602970210e-03
1.865790649414e+03 -3.711237606847e-03
1.864879272461e+03 -4.299113000980e-03
1.863968017578e+03 8.537865090585e-04
1.863056640625e+03 -7.548678279838e-04
1.862145263672e+03 2.078493693846e-03
1.861233886719e+03 -1.962125096534e-04
1.860322509766e+03 -2.873055832950e-03
1.859411132812e+03 -1.404605455357e-03
1.858499755859e+03 -2.311711421141e-03
1.857588500977e+03 5.645270913754e-05
1.856677124023e+03 1.763537133057e-03
1.855765747070e+03 -5.154190308287e-04
1.854854370117e+03 3.085191396386e-04
1.853942993164e+03 1.716738186361e-03
1.853031616211e+03 1.143312627737e-03
1.852120361328e+03 -2.624599164216e-04
1.851208984375e+03 7.233268366099e-05
1.850297607422e+03 2.654110319316e-03
1.849386230469e+03 1.556601598288e-03
1.848474853516e+03 -6.343376937799e-04
1.847563476562e+03 -5.045357586176e-04
1.846652221680e+03 2.860449211563e-03
1.845740844727e+03 -3.205557021763e-03
1.844829467773e+03 -2.340834967217e-03
1.843918090820e+03 5.567857291513e-04
1.843006713867e+03 2.261656868592e-03
1.842095336914e+03 -3.442453607512e-04
1.841183959961e+03 -1.696653923513e-03
1.840272705078e+03 1.737786017942e-03
1.839361328125e+03 4.958236929840e-03
1.838449951172e+03 1.769728148595e-03
1.837538574219e+03 -8.773376166301e-04
1.836627197266e+03 2.374097936860e-03
1.835715820312e+03 3.310305037373e-03
1.834804565430e+03 3.555902649975e-03
1.833893188477e+03 1.700779399592e-03
1.832981811523e+03 1.137379819533e-03
1.832070434570e+03 3.695464786579e-03
1.831159057617e+03 4.381192892269e-03
1.830247680664e+03 -3.246259128264e-03
1.829336303711e+03 -1.341060106078e-03
1.828425048828e+03 1.661967356466e-03
1.827513671875e+03 1.471211533092e-04
1.826602294922e+03 5.768971121141e-04
1.825690917969e+03 1.025750313246e-04
1.824779541016e+03 -3.175529392391e-04
1.823868164062e+03 8.589915594166e-05
1.822956909180e+03 -4.151314098124e-04
1.822045532227e+03 2.432628747135e-03
1.821134155273e+03 1.620767908785e-03
1.820222778320e+03 1.270535410193e-03
1.819311401367e+03 -1.468560526982e-03
1.818400024414e+03 -7.482737062145e-04
1.817488769531e+03 1.023211766206e-03
1.816577392578e+03 -6.151030355787e-04
1.815666015625e+03 1.750640505257e-04
1.814754638672e+03 1.856445400676e-03
1.813843261719e+03 -2.205173120335e-03
1.812931884766e+03 -2.531555713256e-04
1.812020507812e+03 -3.486607240342e-03
1.811109252930e+03 -1.602821426228e-03
1.810197875977e+03 1.634883481431e-03
1.809286499023e+03 1.441541740222e-03
1.808375122070e+03 4.685925229436e-03
1.807463745117e+03 8.774121820443e-04
1.806552368164e+03 -5.519694352061e-04
1.805641113281e+03 -2.138656240954e-03
1.804729736328e+03 -8.958971329879e-04
1.803818359375e+03 1.911699862682e-03
1.802906982422e+03 1.353709285184e-03
1.801995605469e+03 9.808854926612e-04
1.801084228516e+03 1.425546713828e-03
1.800172851562e+03 -2.382890814475e-03
1.799261596680e+03 1.422579832889e-03
1.798350219727e+03 -1.042445232314e-03
1.797438842773e+03 -2.270514357645e-03
1.796527465820e+03 1.615242915579e-03
1.795616088867e+03 6.171085531568e-04
1.794704711914e+03 4.690827652097e-04
1.793793457031e+03 2.137973886949e-03
1.792882080078e+03 -4.966069934209e-03
1.791970703125e+03 -1.964288447219e-03
1.791059326172e+03 5.245090972166e-04
1.790147949219e+03 2.109055857697e-03
1.789236572266e+03 8.574518968631e-04
1.788325317383e+03 3.306848206231e-03
1.787413940430e+03 -9.152524309958e-04
1.786502563477e+03 5.687213810205e-04
1.785591186523e+03 1.391206688202e-03
1.784679809570e+03 3.197949531577e-05
1.783768432617e+03 -1.359059636772e-03
1.782857055664e+03 2.198168620566e-03
1.781945800781e+03 -1.115588598787e-03
1.781034423828e+03 -2.089160481977e-04
1.780123046875e+03 2.072381356444e-03
1.779211669922e+03 -2.193644560758e-05
1.778300292969e+03 5.934089704080e-04
1.777388916016e+03 -2.620629196663e-04
1.776477661133e+03 -3.401606482902e-03
1.775566284180e+03 7.615880731875e-04
1.774654907227e+03 -6.618200854890e-04
1.773743530273e+03 -5.309366001540e-03
1.772832153320e+03 -2.814957990835e-03
1.771920776367e+03 -7.329533448262e-04
1.771009521484e+03 8.184413106558e-04
1.770098144531e+03 -8.087101366783e-04
1.769186767578e+03 1.344520751918e-03
1.768275390625e+03 6.709978899182e-04
1.767364013672e+03 -2.244974481402e-03
1.766452636719e+03 3.711034235789e-03
1.765541259766e+03 3.857787792335e-03
1.764630004883e+03 -3.837077323059e-03
1.763718627930e+03 -2.176664217384e-03
1.762807250977e+03 -2.779482496673e-03
1.761895874023e+03 -1.970658157490e-03
1.760984497070e+03 -3.474034712814e-03
1.760073120117e+03 -2.652786380883e-03
1.759161865234e+03 1.338525358834e-03
1.758250488281e+03 -1.588797763948e-03
1.757339111328e+03 -1.751383506991e-03
1.756427734375e+03 2.543013455061e-03
1.755516357422e+03 5.662993461650e-04
1.754604980469e+03 2.244032131923e-04
1.753693603516e+03 1.203033742825e-03
1.752782348633e+03 2.211460695401e-03
1.751870971680e+03 -2.051521398712e-03
1.750959594727e+03 2.871515887275e-03
1.750048217773e+03 5.033572912879e-03
1.749136840820e+03 2.160318477243e-03
1.748225463867e+03 3.045503760987e-03
1.747314208984e+03 -1.149244005430e-03
1.746402832031e+03 1.174752052792e-03
1.745491455078e+03 -1.641278464073e-03
1.744580078125e+03 1.404688872061e-04
1.743668701172e+03 7.533252000991e-04
1.742757324219e+03 4.575126865256e-03
1.741846069336e+03 5.072519543300e-03
1.740934692383e+03 2.648563272391e-03
1.740023315430e+03 -7.501992343554e-04
1.739111938477e+03 -5.406944412509e-04
1.738200561523e+03 -2.295607914288e-03
1.737289184570e+03 -1.847711650872e-03
1.736377807617e+03 -2.660324699875e-03
1.735466552734e+03 -8.160306602880e-04
1.734555175781e+03 -5.111432318280e-04
1.733643798828e+03 3.058335330314e-04
1.732732421875e+03 4.353348938768e-03
1.731821044922e+03 4.037573529329e-03
1.730909667969e+03 7.538159728466e-03
1.729998413086e+03 2.440933820314e-03
1.729087036133e+03 4.649337154921e-04
1.728175659180e+03 3.737583099507e-03
1.727264282227e+03 5.273589861536e-03
1.726352905273e+03 4.392341345557e-03
1.725441528320e+03 1.492184352224e-03
1.724530151367e+03 4.537480569828e-03
1.723618896484e+03 3.818813743777e-03
1.722707519531e+03 3.074170735462e-03
1.721796142578e+03 1.553586556793e-03
1.720884765625e+03 1.996949171503e-03
1.719973388672e+03 8.610848001347e-04
1.719062011719e+03 3.560921361304e-03
1.718150756836e+03 2.428393956132e-03
1.717239379883e+03 7.487021444215e-04
1.716328002930e+03 -4.084021762279e-03
1.715416625977e+03 -1.888917059018e-03
1.714505249023e+03 1.827020016665e-03
1.713593872070e+03 -6.027912783831e-04
1.712682617188e+03 2.684118875200e-03
1.711771240234e+03 2.399072284207e-03
1.710859863281e+03 -3.619373612654e-04
1.709948486328e+03 5.734595928774e-05
1.709037109375e+03 3.411260528466e-03
1.708125732422e+03 -1.491858791639e-03
1.707214355469e+03 2.264263975879e-03
1.706303100586e+03 -6.548526598117e-04
1.705391723633e+03 5.875960867548e-04
1.704480346680e+03 2.236818419842e-03
1.703568969727e+03 2.242013560927e-03
1.702657592773e+03 1.383674448884e-03
1.701746215820e+03 6.166645581367e-04
1.700834960938e+03 -1.890396923209e-03
1.699923583984e+03 1.014821935218e-03
1.699012207031e+03 2.455423233310e-03
1.698100830078e+03 7.583098771738e-04
1.697189453125e+03 -4.929036508669e-05
1.696278076172e+03 1.390304869884e-03
1.695366699219e+03 1.296994747731e-03
1.694455444336e+03 2.932883163520e-03
1.693544067383e+03 3.529441285880e-03
1.692632690430e+03 3.543177534549e-03
1.691721313477e+03 6.240060625824e-03
1.690809936523e+03 5.908268255481e-03
1.689898559570e+03 1.779814923900e-03
1.688987304688e+03 3.950448939086e-03
1.688075927734e+03 4.016654205368e-03
1.687164550781e+03 4.955229517740e-03
1.686253173828e+03 6.009846495932e-03
1.685341796875e+03 1.722090922135e-03
1.684430419922e+03 6.464082309667e-04
1.683519165039e+03 2.852125064897e-03
1.682607788086e+03 4.098084167579e-03
1.681696411133e+03 3.130560785214e-03
1.680785034180e+03 5.299283279351e-03
1.679873657227e+03 5.047459365260e-03
1.678962280273e+03 2.865795748453e-03
1.678050903320e+03 6.517609428985e-03
1.677139648438e+03 9.317636932432e-03
1.676228271484e+03 5.003349065008e-03
1.675316894531e+03 6.784948194430e-03
1.674405517578e+03 3.955054709416e-03
1.673494140625e+03 2.662062532981e-03
1.672582763672e+03 5.875367443677e-03
1.671671508789e+03 7.964309593830e-03
1.670760131836e+03 5.463226577849e-03
1.669848754883e+03 9.050740671891e-03
1.668937377930e+03 9.272421323595e-03
1.668026000977e+03 7.524674296154e-03
1.667114624023e+03 9.750245557411e-03
1.666203369141e+03 4.766901242651e-03
1.665291992188e+03 7.923951525354e-03
1.664380615234e+03 9.254957638684e-03
1.663469238281e+03 1.037962104507e-02
1.662557861328e+03 1.307727398997e-02
1.661646484375e+03 1.206757888891e-02
1.660735107422e+03 8.156438261250e-03
1.659823852539e+03 1.218834839538e-02
1.658912475586e+03 9.012544106357e-03
1.658001098633e+03 9.886153690697e-03
1.657089721680e+03 9.162157493895e-03
1.656178344727e+03 1.289845623246e-02
1.655266967773e+03 1.275986445952e-02
1.654355712891e+03 1.244021570166e-02
1.653444335938e+03 1.159301336039e-02
1.652532958984e+03 1.114842277073e-02
1.651621582031e+03 1.268976557923e-02
1.650710205078e+03 1.022457457469e-02
1.649798828125e+03 1.140473038484e-02
1.648887451172e+03 1.753589522683e-02
1.647976196289e+03 1.532037903121e-02
1.647064819336e+03 1.582578448124e-02
1.646153442383e+03 1.557853391255e-02
1.645242065430e+03 1.873042386328e-02
1.644330688477e+03 1.793897904725e-02
1.643419311523e+03 2.005914211182e-02
1.642508056641e+03 2.064067175675e-02
1.641596679688e+03 2.181513889932e-02
1.640685302734e+03 2.191944035691e-02
1.639773925781e+03 1.911254592122e-02
1.638862548828e+03 2.253271400665e-02
1.637951171875e+03 2.413040466481e-02
1.637039916992e+03 2.226764403251e-02
1.636128540039e+03 2.561386992997e-02
1.635217163086e+03 2.926273103468e-02
1.634305786133e+03 2.868606703634e-02
1.633394409180e+03 3.103436426702e-02
1.632483032227e+03 3.223043594859e-02
1.631571655273e+03 3.536047531234e-02
1.630660400391e+03 3.678568061075e-02
1.629749023438e+03 3.707150063165e-02
1.628837646484e+03 3.962181660972e-02
1.627926269531e+03 4.092748454893e-02
1.627014892578e+03 4.069569590267e-02
1.626103515625e+03 4.082653239570e-02
1.625192260742e+03 4.620219259366e-02
1.624280883789e+03 4.297170843143e-02
1.623369506836e+03 4.474892638083e-02
1.622458129883e+03 4.665927345643e-02
1.621546752930e+03 4.427776546978e-02
1.620635375977e+03 4.809995498238e-02
1.619723999023e+03 4.942534872209e-02
1.618812744141e+03 5.204123934927e-02
1.617901367188e+03 5.426341886766e-02
1.616989990234e+03 5.396467083711e-02
1.616078613281e+03 5.402416485849e-02
1.615167236328e+03 6.135425096105e-02
1.614255859375e+03 6.331833186488e-02
1.613344604492e+03 6.375850980327e-02
1.612433227539e+03 6.511448978711e-02
1.611521850586e+03 6.959773584966e-02
1.610610473633e+03 7.073250915795e-02
1.609699096680e+03 7.299285472430e-02
1.608787719727e+03 7.060702850014e-02
1.607876464844e+03 6.858171407289e-02
1.606965087891e+03 7.131241183442e-02
1.606053710938e+03 6.852548543252e-02
1.605142333984e+03 6.788489854907e-02
1.604230957031e+03 6.972394129999e-02
1.603319580078e+03 6.974328181605e-02
1.602408203125e+03 7.389927261403e-02
1.601496948242e+03 7.692810423983e-02
1.600585571289e+03 7.358030287232e-02
1.599674194336e+03 7.803996647525e-02
1.598762817383e+03 7.415009660055e-02
1.597851440430e+03 7.109926942928e-02
1.596940063477e+03 7.222024116221e-02
1.596028808594e+03 7.750105653755e-02
1.595117431641e+03 7.436197252614e-02
1.594206054688e+03 7.333501019709e-02
1.593294677734e+03 7.181454808874e-02
1.592383300781e+03 7.230221138095e-02
1.591471923828e+03 7.259570657311e-02
1.590560546875e+03 7.364791456987e-02
1.589649291992e+03 7.401953476574e-02
1.588737915039e+03 6.919704765924e-02
1.587826538086e+03 7.155007511475e-02
1.586915161133e+03 6.903329032725e-02
1.586003784180e+03 7.006137417735e-02
1.585092407227e+03 7.120144991509e-02
1.584181152344e+03 7.065483428854e-02
1.583269775391e+03 6.834924641048e-02
1.582358398438e+03 7.207062109895e-02
1.581447021484e+03 7.225005683746e-02
1.580535644531e+03 7.162611729366e-02
1.579624267578e+03 6.876582663046e-02
1.578713012695e+03 6.923833031501e-02
1.577801635742e+03 6.570901038419e-02
1.576890258789e+03 6.502724002710e-02
1.575978881836e+03 6.553526617428e-02
1.575067504883e+03 6.347322765471e-02
1.574156127930e+03 6.033116817930e-02
1.573244750977e+03 6.123394684767e-02
1.572333496094e+03 6.107202819984e-02
1.571422119141e+03 6.167982012934e-02
1.570510742188e+03 6.244662009252e-02
1.569599365234e+03 6.854944936188e-02
1.568687988281e+03 7.359312025574e-02
1.567776611328e+03 6.820814838131e-02
1.566865356445e+03 7.154400974581e-02
1.565953979492e+03 6.755396591616e-02
1.565042602539e+03 6.668735057959e-02
1.564131225586e+03 6.927499718687e-02
1.563219848633e+03 6.591725471782e-02
1.562308471680e+03 6.608246163484e-02
1.561397216797e+03 6.389312666147e-02
1.560485839844e+03 6.209195622680e-02
1.559574462891e+03 6.105775741669e-02
1.558663085938e+03 6.693952496901e-02
1.557751708984e+03 6.457863923675e-02
1.556840332031e+03 6.393160932931e-02
1.555928955078e+03 6.506580661829e-02
1.555017700195e+03 6.642579966385e-02
1.554106323242e+03 6.787652910287e-02
1.553194946289e+03 6.298574365328e-02
1.552283569336e+03 6.575668647288e-02
1.551372192383e+03 7.089611390205e-02
1.550460815430e+03 6.776564347748e-02
1.549549560547e+03 6.845215931820e-02
1.548638183594e+03 6.275480568455e-02
1.547726806641e+03 6.110238556212e-02
1.546815429688e+03 6.374939267637e-02
1.545904052734e+03 6.619387368847e-02
1.544992675781e+03 6.280556023408e-02
1.544081298828e+03 6.288764107904e-02
1.543170043945e+03 6.214816960837e-02
1.542258666992e+03 6.312710489657e-02
1.541347290039e+03 6.025931072349e-02
1.540435913086e+03 6.096651366846e-02
1.539524536133e+03 5.605540351088e-02
1.538613159180e+03 5.910737890608e-02
1.537701904297e+03 5.668523294753e-02
1.536790527344e+03 5.771000945495e-02
1.535879150391e+03 6.081829741386e-02
1.534967773438e+03 6.046001340026e-02
1.534056396484e+03 5.720313916109e-02
1.533145019531e+03 5.647500497124e-02
1.532233764648e+03 6.088591292611e-02
1.531322387695e+03 5.986059473165e-02
1.530411010742e+03 5.988471887831e-02
1.529499633789e+03 5.466319916008e-02
1.528588256836e+03 5.741776166885e-02
1.527676879883e+03 5.622358207722e-02
1.526765502930e+03 5.571275212741e-02
1.525854248047e+03 5.620377235337e-02
1.524942871094e+03 5.341049066552e-02
1.524031494141e+03 5.582008626948e-02
1.523120117188e+03 5.192383822064e-02
1.522208740234e+03 4.779952848496e-02
1.521297363281e+03 4.967840049192e-02
1.520386108398e+03 5.173731095959e-02
1.519474731445e+03 5.032247782354e-02
1.518563354492e+03 5.230020390014e-02
1.517651977539e+03 4.590218952765e-02
1.516740600586e+03 4.581421878983e-02
1.515829223633e+03 4.456759855239e-02
1.514917846680e+03 4.852260438600e-02
1.514006591797e+03 4.891135257341e-02
1.513095214844e+03 4.478443739936e-02
1.512183837891e+03 4.037398720819e-02
1.511272460938e+03 4.617260198556e-02
1.510361083984e+03 4.483775161088e-02
1.509449707031e+03 4.599970845318e-02
1.508538452148e+03 4.760808026419e-02
1.507627075195e+03 4.703749307889e-02
1.506715698242e+03 4.261351215587e-02
1.505804321289e+03 4.017601204009e-02
1.504892944336e+03 4.201965913084e-02
1.503981567383e+03 3.895520586028e-02
1.503070312500e+03 4.077897456263e-02
1.502158935547e+03 4.040503121601e-02
1.501247558594e+03 4.075123789749e-02
1.500336181641e+03 4.045933343417e-02
1.499424804688e+03 3.543321777796e-02
1.498513427734e+03 3.715819344583e-02
1.497602050781e+03 3.997216986733e-02
1.496690795898e+03 3.871117203522e-02
1.495779418945e+03 3.899962419735e-02
1.494868041992e+03 3.569244935765e-02
1.493956665039e+03 3.766925227747e-02
1.493045288086e+03 4.152556425874e-02
1.492133911133e+03 3.995972632425e-02
1.491222656250e+03 3.665962774832e-02
1.490311279297e+03 3.493913053525e-02
1.489399902344e+03 3.857028381441e-02
1.488488525391e+03 3.797263898012e-02
1.487577148438e+03 3.344670263844e-02
1.486665771484e+03 3.409803552460e-02
1.485754516602e+03 3.420116587007e-02
1.484843139648e+03 3.526031661618e-02
1.483931762695e+03 3.124179034804e-02
1.483020385742e+03 3.336931387133e-02
1.482109008789e+03 3.325726094853e-02
1.481197631836e+03 3.129863124735e-02
1.480286254883e+03 3.104281000717e-02
1.479375000000e+03 3.186893233034e-02
1.478463623047e+03 3.114979891911e-02
1.477552246094e+03 2.967192409306e-02
1.476640869141e+03 2.742639671894e-02
1.475729492188e+03 2.243573867550e-02
1.474818115234e+03 2.481431315982e-02
1.473906860352e+03 2.665513546710e-02
1.472995483398e+03 2.633065920962e-02
1.472084106445e+03 2.209987936085e-02
1.471172729492e+03 2.447380372897e-02
1.470261352539e+03 2.070426657788e-02
1.469349975586e+03 2.242040359177e-02
1.468438598633e+03 2.467071841118e-02
1.467527343750e+03 2.189906224315e-02
1.466615966797e+03 2.221845350893e-02
1.465704589844e+03 2.070520308611e-02
1.464793212891e+03 2.144419771959e-02
1.463881835938e+03 2.163113887532e-02
1.462970458984e+03 1.932108398655e-02
1.462059204102e+03 2.488676761577e-02
1.461147827148e+03 2.530320478460e-02
1.460236450195e+03 2.559133079011e-02
1.459325073242e+03 2.090448288073e-02
1.458413696289e+03 2.147996623020e-02
1.457502319336e+03 2.301268305410e-02
1.456591064453e+03 2.241407500870e-02
1.455679687500e+03 2.264649689474e-02
1.454768310547e+03 2.304353441970e-02
1.453856933594e+03 2.334910122194e-02
1.452945556641e+03 2.170651538952e-02
1.452034179688e+03 1.803588571384e-02
1.451122802734e+03 1.424169989519e-02
1.450211547852e+03 1.997631740085e-02
1.449300170898e+03 2.320726695617e-02
1.448388793945e+03 1.796679582103e-02
1.447477416992e+03 1.603739242433e-02
1.446566040039e+03 1.711630139587e-02
1.445654663086e+03 1.711246571758e-02
1.444743408203e+03 1.733597837774e-02
1.443832031250e+03 1.940902992884e-02
1.442920654297e+03 1.684734805973e-02
1.442009277344e+03 2.191984280749e-02
1.441097900391e+03 2.152781398028e-02
1.440186523438e+03 2.081619361567e-02
1.439275146484e+03 2.147130114495e-02
1.438363891602e+03 2.094244865707e-02
1.437452514648e+03 2.085875038039e-02
1.436541137695e+03 1.804208268984e-02
1.435629760742e+03 1.912390799757e-02
1.434718383789e+03 1.901498694137e-02
1.433807006836e+03 2.180862721078e-02
1.432895751953e+03 2.329372898115e-02
1.431984375000e+03 2.035143185959e-02
1.431072998047e+03 2.096474174895e-02
1.430161621094e+03 1.996074199118e-02
1.429250244141e+03 2.208738241201e-02
1.428338867188e+03 1.791700829730e-02
1.427427612305e+03 2.157710750069e-02
1.426516235352e+03 2.206777295978e-02
1.425604858398e+03 2.166488178159e-02
1.424693481445e+03 2.103607468385e-02
1.423782104492e+03 2.124740129301e-02
1.422870727539e+03 2.223064146728e-02
1.421959350586e+03 2.229437171017e-02
1.421048095703e+03 2.482617686888e-02
1.420136718750e+03 2.479733203413e-02
1.419225341797e+03 2.626511126339e-02
1.418313964844e+03 2.542795111316e-02
1.417402587891e+03 2.487565921681e-02
1.416491210938e+03 2.606740121677e-02
1.415579956055e+03 2.517398000124e-02
1.414668579102e+03 2.970226428920e-02
1.413757202148e+03 3.012273550058e-02
1.412845825195e+03 2.976807544955e-02
1.411934448242e+03 3.126470523560e-02
1.411023071289e+03 2.999695157431e-02
1.410111694336e+03 3.281641925279e-02
1.409200439453e+03 2.984247158651e-02
1.408289062500e+03 3.291607059419e-02
1.407377685547e+03 3.337737814174e-02
1.406466308594e+03 3.834708205210e-02
1.405554931641e+03 3.524538970507e-02
1.404643554688e+03 3.415701456182e-02
1.403732299805e+03 3.638572102755e-02
1.402820922852e+03 3.756483637896e-02
1.401909545898e+03 3.741823755608e-02
1.400998168945e+03 3.903650850697e-02
1.400086791992e+03 3.824872770783e-02
1.399175415039e+03 3.853774063049e-02
1.398264160156e+03 4.423864956216e-02
1.397352783203e+03 4.559169222897e-02
1.396441406250e+03 4.859797517815e-02
1.395530029297e+03 4.412071056120e-02
1.394618652344e+03 4.695551904545e-02
1.393707275391e+03 5.148319870387e-02
1.392795898438e+03 4.812578048409e-02
1.391884643555e+03 5.032570124288e-02
1.390973266602e+03 5.257770406591e-02
1.390061889648e+03 5.159250504451e-02
1.389150512695e+03 5.144708114844e-02
1.388239135742e+03 5.149319321118e-02
1.387327758789e+03 5.757916914722e-02
1.386416503906e+03 5.034422159899e-02
1.385505126953e+03 4.982178733955e-02
1.384593750000e+03 5.578390004950e-02
1.383682373047e+03 5.865843860766e-02
1.382770996094e+03 5.491804002302e-02
1.381859619141e+03 5.968181130641e-02
1.380948364258e+03 5.979006479056e-02
1.380036987305e+03 5.534371066702e-02
1.379125610352e+03 5.574681737561e-02
1.378214233398e+03 5.855030337913e-02
1.377302856445e+03 5.715182766574e-02
1.376391479492e+03 5.125340514437e-02
1.375480102539e+03 5.287183631255e-02
1.374568847656e+03 5.239045964173e-02
1.373657470703e+03 5.352581659874e-02
1.372746093750e+03 5.740956388403e-02
1.371834716797e+03 5.547323108943e-02
1.370923339844e+03 5.479600403700e-02
1.370011962891e+03 5.200503024110e-02
1.369100708008e+03 5.519274020086e-02
1.368189331055e+03 5.156878525578e-02
1.367277954102e+03 5.352909342384e-02
1.366366577148e+03 5.470157120170e-02
1.365455200195e+03 4.904094166037e-02
1.364543823242e+03 4.922284169343e-02
1.363632446289e+03 4.707414469196e-02
1.362721191406e+03 4.887922900621e-02
1.361809814453e+03 4.645679313065e-02
1.360898437500e+03 3.973131368523e-02
1.359987060547e+03 3.538330246187e-02
1.359075683594e+03 3.832311812274e-02
1.358164306641e+03 3.578016832544e-02
1.357253051758e+03 3.307712330570e-02
1.356341674805e+03 3.466518566750e-02
1.355430297852e+03 3.522966552220e-02
1.354518920898e+03 3.290990222842e-02
1.353607543945e+03 2.934272905484e-02
1.352696166992e+03 2.805036868767e-02
1.351784912109e+03 2.681204160248e-02
1.350873535156e+03 2.933837076300e-02
1.349962158203e+03 2.896629661813e-02
1.349050781250e+03 2.782178438726e-02
1.348139404297e+03 2.378628843753e-02
1.347228027344e+03 2.446601602413e-02
1.346316650391e+03 1.991693400570e-02
1.345405395508e+03 1.766489875774e-02
1.344494018555e+03 2.120921044952e-02
1.343582641602e+03 1.948253342659e-02
1.342671264648e+03 1.648884470102e-02
1.341759887695e+03 2.271037591084e-02
1.340848510742e+03 1.963621042058e-02
1.339937255859e+03 1.967794511800e-02
1.339025878906e+03 1.729954992447e-02
1.338114501953e+03 1.475226376985e-02
1.337203125000e+03 1.755933082060e-02
1.336291748047e+03 1.529206253206e-02
1.335380371094e+03 1.345172087665e-02
1.334468994141e+03 1.236308156561e-02
1.333557739258e+03 1.441822311220e-02
1.332646362305e+03 1.177688368468e-02
1.331734985352e+03 1.766465652445e-02
1.330823608398e+03 1.265336955089e-02
1.329912231445e+03 7.823983564063e-03
1.329000854492e+03 1.230916367822e-02
1.328089599609e+03 1.153278024138e-02
1.327178222656e+03 1.032463218137e-02
1.326266845703e+03 6.251564799649e-03
1.325355468750e+03 9.110952810066e-03
1.324444091797e+03 1.170445688528e-02
1.323532714844e+03 9.811237801214e-03
1.322621459961e+03 9.140706496477e-03
1.321710083008e+03 1.349192778774e-02
1.320798706055e+03 7.872311966017e-03
1.319887329102e+03 8.041040802461e-03
1.318975952148e+03 7.639462357026e-03
1.318064575195e+03 4.518578743979e-03
1.317153198242e+03 2.212061748668e-03
1.316241943359e+03 4.314794268510e-03
1.315330566406e+03 7.500412343555e-03
1.314419189453e+03 7.276139128099e-03
1.313507812500e+03 1.218221913026e-02
1.312596435547e+03 9.100410893672e-03
1.311685058594e+03 1.400086230975e-03
1.310773803711e+03 3.201729211293e-03
1.309862426758e+03 4.950300451801e-03
1.308951049805e+03 4.316840376853e-03
1.308039672852e+03 1.982385371906e-03
1.307128295898e+03 6.998960350591e-03
1.306216918945e+03 8.619685582448e-03
1.305305541992e+03 5.439771433760e-03
1.304394287109e+03 3.962189147316e-03
1.303482910156e+03 2.629895096761e-03
1.302571533203e+03 2.364420287856e-03
1.301660156250e+03 8.473043844220e-04
1.300748779297e+03 -8.050754452672e-04
1.299837402344e+03 6.817765082890e-03
1.298926147461e+03 3.596379212491e-03
1.298014770508e+03 5.765595233110e-03
1.297103393555e+03 4.900824660381e-04
1.296192016602e+03 6.417012042615e-03
1.295280639648e+03 6.116616539608e-03
1.294369262695e+03 2.243867027049e-03
1.293458007812e+03 1.090620688742e-03
1.292546630859e+03 -2.591563288280e-04
1.291635253906e+03 4.590846756597e-03
1.290723876953e+03 4.064470484190e-03
1.289812500000e+03 3.362563054534e-03
1.288901123047e+03 -3.489841388522e-03
1.287989746094e+03 2.506623983232e-04
1.287078491211e+03 4.569733836741e-03
1.286167114258e+03 2.434798356308e-03
1.285255737305e+03 1.163975174877e-03
1.284344360352e+03 8.981562832426e-05
1.283432983398e+03 2.405069465431e-03
1.282521606445e+03 2.913870949864e-03
1.281610351562e+03 -8.095457938377e-04
1.280698974609e+03 2.425935622046e-03
1.279787597656e+03 1.136286331295e-05
1.278876220703e+03 5.677498610273e-03
1.277964843750e+03 1.982963536988e-03
1.277053466797e+03 3.212546977997e-03
1.276142211914e+03 2.003277396939e-03
1.275230834961e+03 1.903201789654e-03
1.274319458008e+03 1.163967068645e-03
1.273408081055e+03 -1.385413950920e-03
1.272496704102e+03 -3.350431780212e-04
1.271585327148e+03 1.685473164505e-03
1.270673950195e+03 1.603909330256e-03
1.269762695312e+03 -1.591511801972e-03
1.268851318359e+03 -3.587891510671e-03
1.267939941406e+03 5.479667923844e-03
1.267028564453e+03 4.703319296119e-03
1.266117187500e+03 1.731046162810e-03
1.265205810547e+03 1.254195332494e-04
1.264294555664e+03 1.064840605768e-03
1.263383178711e+03 9.271005117168e-03
1.262471801758e+03 5.726119313419e-03
1.261560424805e+03 4.343513218238e-03
1.260649047852e+03 -2.970287344870e-04
1.259737670898e+03 2.875478642666e-03
1.258826293945e+03 3.442157432018e-03
1.257915039062e+03 1.289000333975e-03
1.257003662109e+03 2.143150520791e-04
1.256092285156e+03 2.419550235753e-04
1.255180908203e+03 8.603753856189e-04
1.254269531250e+03 -2.361093722671e-04
1.253358154297e+03 1.429417439644e-03
1.252446899414e+03 4.650793773300e-03
1.251535522461e+03 3.531184602613e-03
1.250624145508e+03 -2.875418799600e-03
1.249712768555e+03 -4.218507907487e-04
1.248801391602e+03 -1.358779852556e-03
1.247890014648e+03 -2.170038803175e-03
1.246978759766e+03 3.349001089855e-03
1.246067382812e+03 -8.240442667401e-04
1.245156005859e+03 -1.238282262490e-03
1.244244628906e+03 3.111666886783e-04
1.243333251953e+03 -3.138861566858e-03
1.242421875000e+03 7.726775178747e-04
1.241510498047e+03 -3.533126045195e-03
1.240599243164e+03 -5.959555789770e-04
1.239687866211e+03 -3.613307886085e-03
1.238776489258e+03 9.556505537947e-04
1.237865112305e+03 3.719661412484e-03
1.236953735352e+03 6.514119815286e-04
1.236042358398e+03 8.386131327313e-04
1.235131103516e+03 2.801226987375e-03
1.234219726562e+03 -1.199403223740e-03
1.233308349609e+03 -6.351020637808e-03
1.232396972656e+03 4.588473955181e-04
1.231485595703e+03 4.897776359493e-03
1.230574218750e+03 -3.051115657768e-03
1.229662841797e+03 -3.342343012299e-03
1.228751586914e+03 -3.018621349660e-03
1.227840209961e+03 -2.070428231351e-03
1.226928833008e+03 -1.232310592055e-03
1.226017456055e+03 -3.011837625507e-03
1.225106079102e+03 1.503483247643e-03
1.224194702148e+03 3.315081038577e-03
1.223283447266e+03 -2.622202461336e-04
1.222372070312e+03 3.581366232270e-03
1.221460693359e+03 5.218208560840e-03
1.220549316406e+03 -2.151862485097e-04
1.219637939453e+03 -1.940565320634e-03
1.218726562500e+03 4.605805138961e-03
1.217815307617e+03 1.729781232978e-03
1.216903930664e+03 -1.137216383589e-03
1.215992553711e+03 -9.065518809800e-04
1.215081176758e+03 -1.886297792384e-03
1.214169799805e+03 -1.753153168979e-03
1.213258422852e+03 -3.759306609374e-03
1.212347045898e+03 6.491110037124e-04
1.211435791016e+03 -8.416169089474e-04
1.210524414062e+03 -3.271310186793e-04
1.209613037109e+03 4.822303047345e-03
1.208701660156e+03 1.331937257134e-03
1.207790283203e+03 7.437575216700e-04
1.206878906250e+03 1.633809733507e-04
1.205967651367e+03 -2.148422343256e-03
1.205056274414e+03 -2.941271802415e-04
1.204144897461e+03 -6.066573907989e-03
1.203233520508e+03 -1.265973866512e-03
1.202322143555e+03 -1.288945140071e-03
1.201410766602e+03 1.272034228662e-03
1.200499389648e+03 5.980845973848e-04
1.199588134766e+03 -3.021227741691e-03
1.198676757812e+03 -2.730464588156e-03
1.197765380859e+03 3.618309669694e-04
1.196854003906e+03 -9.058835936711e-04
1.195942626953e+03 2.932002445247e-03
1.195031250000e+03 2.817340984647e-03
1.194119995117e+03 3.425748510950e-04
1.193208618164e+03 -3.858925049012e-03
1.192297241211e+03 -4.402502269044e-03
1.191385864258e+03 -4.685029729210e-03
1.190474487305e+03 -8.632612638421e-03
1.189563110352e+03 -5.037645579241e-03
1.188651855469e+03 3.330120960098e-03
1.187740478516e+03 6.095372727945e-04
1.186829101562e+03 -4.162512976945e-03
1.185917724609e+03 -6.889774172919e-03
1.185006347656e+03 -4.064667894783e-03
1.184094970703e+03 -3.196412953564e-03
1.183183593750e+03 -4.404972762478e-03
1.182272338867e+03 -2.078697541741e-03
1.181360961914e+03 2.626956826052e-03
1.180449584961e+03 1.238954841333e-03
1.179538208008e+03 -7.382215016049e-04
1.178626831055e+03 -1.188722786144e-03
1.177715454102e+03 2.742309223728e-03
1.176804199219e+03 2.751139771480e-03
1.175892822266e+03 1.552379324260e-03
1.174981445312e+03 -7.038432455584e-03
1.174070068359e+03 -6.893735259381e-03
1.173158691406e+03 -1.262867892167e-02
1.172247314453e+03 -9.681016428146e-03
1.171336059570e+03 -4.086436942600e-03
1.170424682617e+03 2.179935797282e-03
1.169513305664e+03 1.082722429204e-02
1.168601928711e+03 1.732686125084e-02
1.167690551758e+03 1.738777243232e-02
1.166779174805e+03 2.069941428273e-02
1.165867797852e+03 2.199623021652e-02
1.164956542969e+03 2.856947653093e-02
1.164045166016e+03 2.393742675037e-02
1.163133789062e+03 1.308044018885e-02
1.162222412109e+03 -1.063045361466e-02
1.161311035156e+03 -7.235286102630e-03
1.160399658203e+03 1.449226638964e-02
1.159488403320e+03 1.947897812857e-02
1.158577026367e+03 1.850257579948e-02
1.157665649414e+03 2.075236609799e-02
1.156754272461e+03 1.567228200965e-02
1.155842895508e+03 1.504813647219e-02
1.154931518555e+03 1.065266373687e-02
1.154020141602e+03 1.775441403079e-04
1.153108886719e+03 7.387527429279e-05
1.152197509766e+03 -3.127061038725e-03
1.151286132812e+03 -1.470136903019e-02
1.150374755859e+03 -1.011839247126e-02
1.149463378906e+03 -4.986505268432e-03
1.148552001953e+03 -1.008349180432e-02
1.147640747070e+03 -9.192643006169e-05
1.146729370117e+03 -1.188156661201e-03
1.145817993164e+03 -4.160475928508e-03
1.144906616211e+03 1.658813436143e-03
1.143995239258e+03 -1.674570997621e-03
1.143083862305e+03 2.616904383024e-03
1.142172607422e+03 -3.897242015935e-03
1.141261230469e+03 -3.880896991050e-03
1.140349853516e+03 -1.453330734856e-04
1.139438476562e+03 -3.024675512927e-03
1.138527099609e+03 -2.494483827817e-03
1.137615722656e+03 -9.697587354646e-04
1.136704345703e+03 -3.020097160735e-03
1.135793090820e+03 -9.125091986153e-03
1.134881713867e+03 -4.472006056525e-03
1.133970336914e+03 -4.805789698935e-03
1.133058959961e+03 -7.911121028911e-04
1.132147583008e+03 2.822498217176e-04
1.131236206055e+03 -1.722078405159e-03
1.130324951172e+03 -3.876475756709e-03
1.129413574219e+03 -2.677070029574e-03
1.128502197266e+03 -6.460283109429e-04
1.127590820312e+03 -2.103088478798e-03
1.126679443359e+03 -1.177767928751e-03
1.125768066406e+03 -4.814029445420e-03
1.124856689453e+03 -1.963590596004e-03
1.123945434570e+03 1.242715656179e-03
1.123034057617e+03 6.539928746909e-03
1.122122680664e+03 4.219262323512e-03
1.121211303711e+03 -6.303329767166e-03
1.120299926758e+03 -1.987060164418e-03
1.119388549805e+03 1.086537651171e-03
1.118477294922e+03 3.417885704257e-03
1.117565917969e+03 7.238405094630e-04
1.116654541016e+03 -1.756023013552e-03
1.115743164062e+03 -7.885737197634e-04
1.114831787109e+03 8.027441882900e-04
1.113920410156e+03 1.068417719090e-03
1.113009155273e+03 -5.595579413115e-04
1.112097778320e+03 -3.445786162964e-03
1.111186401367e+03 -8.627377919849e-03
1.110275024414e+03 -1.133090430673e-03
1.109363647461e+03 5.609846858403e-03
1.108452270508e+03 1.733526789034e-03
1.107540893555e+03 -1.773390377353e-03
1.106629638672e+03 -9.070789052742e-04
1.105718261719e+03 -2.855224744991e-03
1.104806884766e+03 -3.427415354921e-04
1.103895507812e+03 6.027859497276e-03
1.102984130859e+03 3.231291447576e-03
1.102072753906e+03 5.419222895410e-05
1.101161499023e+03 -2.126018505941e-04
1.100250122070e+03 2.779161823669e-03
1.099338745117e+03 5.585473445113e-04
1.098427368164e+03 2.947136303693e-03
1.097515991211e+03 4.563849785138e-04
1.096604614258e+03 2.762894523244e-03
1.095693359375e+03 -1.229093729224e-03
1.094781982422e+03 -7.031128263648e-03
1.093870605469e+03 -1.402632303102e-03
1.092959228516e+03 -5.389110105899e-04
1.092047851562e+03 4.971162555301e-03
1.091136474609e+03 -1.309389534200e-03
1.090225097656e+03 3.168406875421e-03
1.089313842773e+03 9.176249939938e-04
1.088402465820e+03 -7.527696847834e-04
1.087491088867e+03 4.558012701998e-04
1.086579711914e+03 2.700186142427e-03
1.085668334961e+03 -5.810148395894e-04
1.084756958008e+03 1.485331248261e-03
1.083845703125e+03 1.386112398181e-03
1.082934326172e+03 2.567347886911e-03
1.082022949219e+03 7.249307976770e-04
1.081111572266e+03 -3.616544418450e-03
1.080200195312e+03 1.755104863560e-03
1.079288818359e+03 -2.384908312587e-03
1.078377441406e+03 -1.879427283863e-03
1.077466186523e+03 4.759569990205e-04
1.076554809570e+03 -1.196949777235e-03
1.075643432617e+03 -1.803616967038e-03
1.074732055664e+03 1.024249244702e-03
1.073820678711e+03 6.472644517296e-04
1.072909301758e+03 1.089393399245e-04
1.071998046875e+03 2.047162153204e-03
1.071086669922e+03 2.250593530741e-03
1.070175292969e+03 -9.037263822649e-04
1.069263916016e+03 3.332860926144e-04
1.068352539062e+03 4.160541732039e-03
1.067441162109e+03 2.429810877815e-03
1.066529907227e+03 -2.198070868944e-03
1.065618530273e+03 1.445922324194e-03
1.064707153320e+03 1.543890311139e-03
1.063795776367e+03 -1.199831185109e-03
1.062884399414e+03 -1.316600385259e-03
1.061973022461e+03 -1.070424965203e-04
1.061061645508e+03 -5.391665357142e-04
1.060150390625e+03 -9.197857220742e-04
1.059239013672e+03 7.472010609761e-04
1.058327636719e+03 -3.274627841083e-03
1.057416259766e+03 -2.929448982144e-03
1.056504882812e+03 1.304854931820e-03
1.055593505859e+03 5.287881744729e-04
1.054682250977e+03 -6.939804287562e-04
1.053770874023e+03 -1.145060355214e-03
1.052859497070e+03 -1.724396787532e-03
1.051948120117e+03 3.219890747419e-04
1.051036743164e+03 1.912961097025e-04
1.050125366211e+03 -3.697690245306e-04
1.049213989258e+03 1.589833811933e-03
1.048302734375e+03 4.018457603586e-03
1.047391357422e+03 -8.955257364286e-04
1.046479980469e+03 -7.110924462468e-04
1.045568603516e+03 1.021521020772e-03
1.044657226562e+03 6.165811116301e-04
1.043745849609e+03 -3.320646205314e-03
1.042834594727e+03 -1.104588680280e-03
1.041923217773e+03 -3.766812980275e-03
1.041011840820e+03 -8.483457372204e-04
1.040100463867e+03 5.301487101592e-04
1.039189086914e+03 -5.846711674875e-04
1.038277709961e+03 -1.405753917707e-03
1.037366455078e+03 -4.638056021687e-03
1.036455078125e+03 -2.535898329067e-03
1.035543701172e+03 9.247334740697e-05
1.034632324219e+03 1.295543970608e-04
1.033720947266e+03 -1.551842405595e-03
1.032809570312e+03 -2.763686549801e-03
1.031898193359e+03 -1.405318803779e-03
1.030986938477e+03 -8.087287929330e-04
1.030075561523e+03 1.775588239129e-03
1.029164184570e+03 2.285289574926e-04
1.028252807617e+03 2.213909582151e-04
1.027341430664e+03 -2.430346842806e-03
1.026430053711e+03 -3.066313412396e-04
1.025518798828e+03 -3.657494063053e-04
1.024607421875e+03 -2.244288074280e-03
1.023696044922e+03 7.764847051359e-04
1.022784667969e+03 -1.858275024939e-03
1.021873291016e+03 -5.607133178007e-03
1.020961975098e+03 2.882743733954e-03
1.020050598145e+03 4.304538454424e-03
1.019139221191e+03 4.580216625324e-03
1.018227905273e+03 4.130497398465e-05
1.017316528320e+03 1.764369213938e-03
1.016405151367e+03 3.514393258126e-03
1.015493835449e+03 1.222269712329e-03
1.014582458496e+03 7.171759350002e-04
1.013671081543e+03 6.332658830067e-04
1.012759704590e+03 -1.409028239418e-03
1.011848388672e+03 8.506929086385e-04
1.010937011719e+03 1.236388265207e-03
1.010025634766e+03 6.263739764179e-04
1.009114318848e+03 -2.997727298070e-03
1.008202941895e+03 1.219298599459e-04
1.007291564941e+03 3.684147175300e-04
1.006380249023e+03 2.959315202129e-03
1.005468872070e+03 -4.125151830150e-03
1.004557495117e+03 -1.366788809845e-03
1.003646179199e+03 1.125640564978e-03
1.002734802246e+03 6.743793211815e-04
1.001823425293e+03 -2.674384959409e-03
1.000912109375e+03 -3.673630173649e-03
1.000000732422e+03 -2.439569112303e-03
9.990893554688e+02 -1.182876285470e-03
9.981780395508e+02 3.110395579254e-03
9.972666625977e+02 2.090363154755e-04
9.963552856445e+02 6.325230302836e-04
9.954439086914e+02 -1.119868927741e-03
9.945325927734e+02 -1.621492701300e-03
9.936212158203e+02 2.504607796422e-03
9.927098388672e+02 -6.488121460093e-04
9.917985229492e+02 2.026658631265e-03
9.908871459961e+02 5.334911122993e-03
9.899757690430e+02 -1.061886837851e-03
9.890644531250e+02 -4.895426267448e-04
9.881530761719e+02 -1.895230740920e-03
9.872416992188e+02 -9.982125637204e-04
9.863303833008e+02 -1.382772988194e-03
9.854190063477e+02 -4.922838146859e-04
9.845076293945e+02 -1.933956595726e-03
9.835963134766e+02 4.507985329169e-04
9.826849365234e+02 1.580489829746e-03
9.817735595703e+02 2.153531653648e-03
9.808621826172e+02 -1.179099953858e-06
9.799508666992e+02 -3.140447050485e-03
9.790394897461e+02 -2.554398658010e-03
9.781281127930e+02 5.574751761101e-04
9.772167968750e+02 6.334908309467e-04
9.763054199219e+02 -1.763304436513e-03
9.753940429688e+02 1.644494969276e-03
9.744827270508e+02 2.946322998276e-04
9.735713500977e+02 1.017326403301e-03
9.726599731445e+02 6.191606815692e-03
9.717486572266e+02 3.107177881958e-03
9.708372802734e+02 6.985699508591e-03
9.699259033203e+02 4.963832435343e-04
9.690145874023e+02 4.400082797189e-03
9.681032104492e+02 3.166109712302e-03
9.671918334961e+02 2.674834140033e-03
9.662804565430e+02 -1.334549490420e-03
9.653691406250e+02 -6.411298102677e-03
9.644577636719e+02 -5.158085591218e-03
9.635463867188e+02 1.594610289973e-04
9.626350708008e+02 -3.706486639595e-03
9.617236938477e+02 -2.027157879793e-03
9.608123168945e+02 2.809537782601e-03
9.599010009766e+02 1.660080034904e-03
9.589896240234e+02 1.635452109769e-03
9.580782470703e+02 4.061368181491e-03
9.571669311523e+02 -1.603295640804e-03
9.562555541992e+02 -3.737884460606e-03
9.553441772461e+02 -2.589809540734e-03
9.544328613281e+02 -1.728819690803e-03
9.535214843750e+02 2.909869332242e-03
9.526101074219e+02 -2.547742487802e-03
9.516987304688e+02 -1.417233892045e-03
9.507874145508e+02 -4.675112946360e-03
9.498760375977e+02 -1.853709428142e-03
9.489646606445e+02 1.042566795993e-04
9.480533447266e+02 -5.749872957583e-03
9.471419677734e+02 -2.279227126614e-03
9.462305908203e+02 -1.534649087365e-03
9.453192749023e+02 6.807576145219e-04
9.444078979492e+02 6.421030468748e-04
9.434965209961e+02 1.578446582426e-03
9.425852050781e+02 -3.322425523255e-03
9.416738281250e+02 -1.199596819635e-03
9.407624511719e+02 -1.003309893579e-03
9.398511352539e+02 -1.902124256835e-03
9.389397583008e+02 -4.532586313004e-03
9.380283813477e+02 -4.966501829486e-04
9.371170043945e+02 8.830798091712e-04
9.362056884766e+02 -1.647982794835e-03
9.352943115234e+02 -3.192782076850e-03
9.343829345703e+02 6.492330144261e-04
9.334716186523e+02 -2.687519677974e-03
9.325602416992e+02 -1.398464626932e-03
9.316488647461e+02 -8.037445926955e-04
9.307375488281e+02 1.457553575128e-03
9.298261718750e+02 -2.955834529128e-03
9.289147949219e+02 -1.511255455272e-03
9.280034790039e+02 -4.612907986397e-05
9.270921020508e+02 3.212627563480e-03
9.261807250977e+02 -2.416734810223e-03
9.252694091797e+02 -4.370632856062e-03
9.243580322266e+02 -1.269081176001e-03
9.234466552734e+02 -1.592185692118e-03
9.225352783203e+02 -6.515043091278e-03
9.216239624023e+02 -2.168653829583e-03
9.207125854492e+02 -3.973269949329e-04
9.198012084961e+02 -1.040460993595e-03
9.188898925781e+02 5.012289285312e-03
9.179785156250e+02 2.882292407562e-03
9.170671386719e+02 7.354039899126e-04
9.161558227539e+02 2.802359892913e-04
9.152444458008e+02 -1.873813062501e-04
9.143330688477e+02 -2.942358693164e-04
9.134217529297e+02 -1.626925068882e-03
9.125103759766e+02 -1.380743092315e-03
9.115989990234e+02 -2.270988095384e-03
9.106876831055e+02 7.928087491852e-04
9.097763061523e+02 8.375647465846e-04
9.088649291992e+02 -4.739978538583e-03
9.079535522461e+02 -3.319335379904e-03
9.070422363281e+02 -4.091259673847e-03
9.061308593750e+02 -6.067703535271e-03
9.052194824219e+02 -5.549183155418e-03
9.043081665039e+02 -4.655192596293e-03
9.033967895508e+02 -3.749192177512e-03
9.024854125977e+02 -2.203139916398e-04
9.015740966797e+02 -8.871484224168e-04
9.006627197266e+02 -1.395474738599e-03
8.997513427734e+02 -9.913554662458e-04
8.988400268555e+02 8.825906338283e-04
8.979286499023e+02 3.830483737732e-04
8.970172729492e+02 1.962132785533e-03
8.961059570312e+02 3.625552826471e-03
8.951945800781e+02 2.608406429206e-03
8.942832031250e+02 2.553564192943e-03
8.933718872070e+02 6.179015929932e-04
8.924605102539e+02 -3.513364243490e-03
8.915491333008e+02 -3.460280344332e-03
8.906377563477e+02 1.979309176043e-03
8.897264404297e+02 3.135279327537e-03
8.888150634766e+02 -2.583544377015e-03
8.879036865234e+02 -1.472991059648e-03
8.869923706055e+02 -1.312207880358e-03
8.860809936523e+02 -1.048791219935e-03
8.851696166992e+02 -2.864337103517e-03
8.842583007812e+02 -9.618625144055e-03
8.833469238281e+02 -5.417322892960e-03
8.824355468750e+02 -6.356586519802e-04
8.815242309570e+02 -5.633505611968e-03
8.806128540039e+02 -1.742058836711e-03
8.797014770508e+02 4.259009861582e-04
8.787901611328e+02 -2.006447887354e-03
8.778787841797e+02 1.231312810254e-03
8.769674072266e+02 1.029100943808e-03
8.760560302734e+02 -3.957685181724e-03
8.751447143555e+02 -7.565449835582e-04
8.742333374023e+02 4.448820802281e-03
8.733219604492e+02 2.153533799416e-03
8.724106445312e+02 1.651482183696e-03
8.714992675781e+02 -3.563171198332e-04
8.705878906250e+02 -6.299795807609e-04
8.696765747070e+02 3.354756514628e-03
8.687651977539e+02 5.521541500090e-04
8.678538208008e+02 2.038929797695e-03
8.669425048828e+02 8.789760887882e-04
8.660311279297e+02 3.137260586024e-03
8.651197509766e+02 5.883174222002e-04
8.642084350586e+02 3.423368616581e-03
8.632970581055e+02 2.339259735590e-03
8.623856811523e+02 -4.900988573162e-04
8.614743041992e+02 -4.157019812621e-03
8.605629882812e+02 8.312089390975e-05
8.596516113281e+02 -7.981201193334e-04
8.587402343750e+02 2.921539206988e-03
8.578289184570e+02 -4.398656100343e-03
8.569175415039e+02 -2.135823828100e-03
8.560061645508e+02 1.093474201641e-03
8.550948486328e+02 -1.723303757504e-03
8.541834716797e+02 -1.691556534049e-03
8.532720947266e+02 -5.566036488738e-03
8.523607788086e+02 -1.524796558325e-03
8.514494018555e+02 -1.487127851549e-03
8.505380249023e+02 2.128890615491e-03
8.496267089844e+02 1.481398772030e-03
8.487153320312e+02 9.746245012673e-04
8.478039550781e+02 7.026276922170e-04
8.468925781250e+02 -2.250603782740e-03
8.459812622070e+02 -6.147895747370e-04
8.450698852539e+02 -1.012328195971e-03
8.441585083008e+02 2.539668442237e-03
8.432471923828e+02 -2.397177333251e-03
8.423358154297e+02 -1.624192791836e-03
8.414244384766e+02 -1.275304616467e-04
8.405131225586e+02 6.202298101333e-04
8.396017456055e+02 1.226460395893e-03
8.386903686523e+02 -1.558780744204e-03
8.377790527344e+02 -4.646706205776e-04
8.368676757812e+02 1.363666599195e-03
8.359562988281e+02 -2.840859309662e-03
8.350449829102e+02 6.347478333601e-04
8.341336059570e+02 -2.023664361990e-04
8.332222290039e+02 -4.372144429925e-03
8.323108520508e+02 -9.098211959013e-04
8.313995361328e+02 2.234907494840e-03
8.304881591797e+02 1.245860516596e-03
8.295767822266e+02 2.303013910962e-03
8.286654663086e+02 4.570387103678e-03
8.277540893555e+02 7.368778787374e-05
8.268427124023e+02 -2.325266471681e-03
8.259313964844e+02 5.250241111743e-05
8.250200195312e+02 -3.657622511069e-04
8.241086425781e+02 -1.048808982120e-03
8.231973266602e+02 -1.173955138653e-03
8.222859497070e+02 2.919372160815e-04
8.213745727539e+02 -1.029090095762e-03
8.204632568359e+02 -3.088771728359e-03
8.195518798828e+02 5.654198199850e-04
8.186405029297e+02 2.089167217303e-03
8.177291259766e+02 6.696518739241e-03
8.168178100586e+02 4.611841897670e-03
8.159064331055e+02 1.456628034160e-03
8.149950561523e+02 4.459396097277e-03
8.140837402344e+02 6.193964775551e-03
8.131723632812e+02 4.385028570552e-03
8.122609863281e+02 -1.314846220479e-03
8.113496704102e+02 -1.235900937608e-03
8.104382934570e+02 1.286705316624e-03
8.095269165039e+02 -3.185028287057e-04
8.086156005859e+02 3.274613297549e-03
8.077042236328e+02 -3.218567524242e-03
8.067928466797e+02 -4.482181285127e-03
8.058815307617e+02 2.386294716691e-03
8.049701538086e+02 6.859641996996e-04
8.040587768555e+02 -2.320753207764e-03
8.031474609375e+02 -5.459978839810e-04
8.022360839844e+02 -1.549365817586e-05
8.013247070312e+02 4.152170914934e-04
8.004133300781e+02 -2.802382363865e-03
7.995020141602e+02 -3.383625429650e-03
7.985906372070e+02 3.062442448162e-03
7.976792602539e+02 3.845820371189e-03
7.967679443359e+02 2.097801814776e-04
7.958565673828e+02 4.129116731309e-03
7.949451904297e+02 -6.238091288267e-03
7.940338745117e+02 -1.993357037810e-03
7.931224975586e+02 9.217018922854e-04
7.922111206055e+02 3.981421421331e-03
7.912998046875e+02 -3.718872246949e-04
7.903884277344e+02 -9.375071374819e-04
7.894770507812e+02 1.465798209194e-03
7.885657348633e+02 -1.948244217188e-04
7.876543579102e+02 -4.237258635555e-03
7.867429809570e+02 2.454232570870e-03
7.858316040039e+02 3.460677072866e-03
7.849202880859e+02 1.776911343096e-03
7.840089111328e+02 3.705000576521e-03
7.830975341797e+02 -4.105318383659e-04
7.821862182617e+02 -9.321465934994e-04
7.812748413086e+02 2.841229335314e-03
7.803634643555e+02 2.202100143123e-03
7.794521484375e+02 -4.710901960969e-03
7.785407714844e+02 1.244901552321e-04
7.776293945312e+02 1.230910776906e-04
7.767180786133e+02 5.748276387492e-04
7.758067016602e+02 4.819507827791e-04
7.748953247070e+02 1.396337933106e-03
7.739840087891e+02 -6.704467257418e-04
7.730726318359e+02 -1.099032454240e-03
7.721612548828e+02 9.529422974214e-04
7.712498779297e+02 1.793759908044e-03
7.703385620117e+02 3.106662420966e-03
7.694271850586e+02 -1.863260357665e-03
7.685158081055e+02 -2.603855495152e-03
7.676044921875e+02 6.217035946500e-04
7.666931152344e+02 -3.034143830409e-03
7.657817382812e+02 2.868482487549e-03
7.648704223633e+02 -2.136739355487e-03
7.639590454102e+02 1.075060657065e-03
7.630476684570e+02 -2.747446429096e-03
7.621363525391e+02 -1.703928193916e-03
7.612249755859e+02 8.649583273687e-04
7.603135986328e+02 9.665454489121e-04
7.594022827148e+02 1.171812589990e-03
7.584909057617e+02 1.699173650386e-03
7.575795288086e+02 -5.140201097494e-04
7.566681518555e+02 3.083898213952e-03
7.557568359375e+02 -1.313872876584e-03
7.548454589844e+02 1.180947628085e-05
7.539340820312e+02 2.884955781636e-03
7.530227661133e+02 1.401161141190e-03
7.521113891602e+02 4.216778478637e-03
7.512000122070e+02 2.011588669001e-03
7.502886962891e+02 -7.726543484306e-06
7.493773193359e+02 2.259214508552e-03
7.484659423828e+02 -1.995189403887e-03
7.475546264648e+02 2.099546532218e-03
7.466432495117e+02 -2.120422225577e-03
7.457318725586e+02 -1.934672238928e-04
7.448205566406e+02 1.982367252093e-03
7.439091796875e+02 9.252956949082e-04
7.429978027344e+02 -2.030393696902e-03
7.420864257812e+02 -8.210396560589e-04
7.411751098633e+02 1.354651277035e-03
7.402637329102e+02 5.359322087211e-05
7.393523559570e+02 -1.816602793193e-03
7.384410400391e+02 -3.692915376591e-03
7.375296630859e+02 -5.024530649419e-03
7.366182861328e+02 2.291845907349e-03
7.357069702148e+02 -1.304131063177e-05
7.347955932617e+02 -4.736379371542e-03
7.338842163086e+02 -5.461782476446e-04
7.329729003906e+02 3.848151151329e-03
7.320615234375e+02 1.494343947816e-03
7.311501464844e+02 3.225615475798e-04
7.302388305664e+02 -1.628067451558e-03
7.293274536133e+02 -3.042901660491e-03
7.284160766602e+02 -3.685175832309e-03
7.275046997070e+02 -4.472863886613e-03
7.265933837891e+02 1.899203152265e-03
7.256820068359e+02 1.041614581945e-03
7.247706298828e+02 2.864910500227e-04
7.238593139648e+02 2.611460571349e-03
7.229479370117e+02 1.957436654558e-03
7.220365600586e+02 -2.203109965062e-04
7.211252441406e+02 7.973169355310e-06
7.202138671875e+02 2.018183327212e-03
7.193024902344e+02 3.262924110898e-03
7.183911743164e+02 8.043505931477e-04
7.174797973633e+02 3.696109828075e-04
7.165684204102e+02 2.320372214857e-03
7.156571044922e+02 5.134009605119e-03
7.147457275391e+02 -4.457191142549e-04
7.138343505859e+02 -1.244821846006e-03
7.129229736328e+02 1.680708756406e-04
7.120116577148e+02 -2.997296475677e-03
7.111002807617e+02 -2.885958391413e-04
7.101889038086e+02 1.492431711512e-03
7.092775878906e+02 -2.513853192522e-03
7.083662109375e+02 -1.701991996543e-03
7.074548339844e+02 9.415218681261e-04
7.065435180664e+02 4.633086901426e-03
7.056321411133e+02 1.314674320676e-03
7.047207641602e+02 -2.246699439903e-03
7.038094482422e+02 1.690792640886e-03
7.028980712891e+02 2.227301226549e-03
7.019866943359e+02 4.289452041278e-04
7.010753784180e+02 -3.658622677056e-03
7.001640014648e+02 -2.349432103169e-03
6.992526245117e+02 -2.566239002047e-03
6.983413085938e+02 -7.602047685258e-04
6.974299316406e+02 1.424140163354e-03
6.965185546875e+02 2.184656246954e-03
6.956071777344e+02 6.053172399021e-03
6.946958618164e+02 3.213075075175e-03
6.937844848633e+02 1.895226777211e-04
6.928731079102e+02 2.527863384151e-03
6.919617919922e+02 -2.108199458121e-03
6.910504150391e+02 2.774894607737e-03
6.901390380859e+02 3.465113089160e-03
6.892277221680e+02 5.418015737383e-03
6.883163452148e+02 7.344413152491e-03
6.874049682617e+02 3.080924895710e-03
6.864936523438e+02 2.476281760531e-03
6.855822753906e+02 3.081565764882e-03
6.846708984375e+02 4.388808935722e-03
6.837595825195e+02 3.533514429079e-03
6.828482055664e+02 4.730214820468e-03
6.819368286133e+02 -2.573320749439e-03
6.810254516602e+02 -9.055545164116e-04
6.801141357422e+02 2.752113949841e-03
6.792027587891e+02 -1.031889964478e-03
6.782913818359e+02 3.254007494035e-03
6.773800659180e+02 4.429626675240e-03
6.764686889648e+02 -4.445695492188e-04
6.755573120117e+02 1.292224587783e-03
6.746459960938e+02 -2.364112489456e-03
6.737346191406e+02 2.977863214790e-03
6.728232421875e+02 2.532841325900e-03
6.719119262695e+02 4.877636366300e-04
6.710005493164e+02 5.948459788572e-04
6.700891723633e+02 1.716219029880e-03
6.691778564453e+02 1.156193549713e-03
6.682664794922e+02 8.481570289061e-04
6.673551025391e+02 5.180965192829e-03
6.664437255859e+02 3.399463099775e-03
6.655324096680e+02 -7.600289944201e-04
6.646210327148e+02 -4.815897574286e-04
6.637096557617e+02 2.424031134346e-03
6.627983398438e+02 -4.584835687491e-04
6.618869628906e+02 5.607474593428e-03
6.609755859375e+02 5.606534270508e-03
6.600642700195e+02 6.905436843799e-03
6.591528930664e+02 1.128061228926e-03
6.582415161133e+02 -1.237157641999e-03
6.573302001953e+02 3.650674099274e-04
6.564188232422e+02 1.243328749584e-03
6.555074462891e+02 -1.583885029683e-03
6.545961303711e+02 1.854935018906e-03
6.536847534180e+02 -4.291250432705e-03
6.527733764648e+02 -2.567593219641e-03
6.518619995117e+02 1.016657162318e-03
6.509506835938e+02 -2.251677381653e-03
6.500393066406e+02 3.277923262840e-03
6.491279296875e+02 6.532371354430e-04
6.482166137695e+02 2.242563473406e-04
6.473052368164e+02 -2.161930902170e-03
6.463938598633e+02 -4.088759139671e-03
6.454825439453e+02 -2.222245560339e-03
6.445711669922e+02 -1.199038800924e-03
6.436597900391e+02 1.992149090021e-03
6.427484741211e+02 2.620905046972e-03
6.418370971680e+02 -1.675326903762e-03
6.409257202148e+02 -5.893597286729e-04
6.400144042969e+02 -3.529565263547e-03
6.391030273438e+02 -2.481662868117e-03
6.381916503906e+02 2.066679575854e-03
6.372802734375e+02 4.614280085385e-04
6.363689575195e+02 5.771496570060e-04
6.354575805664e+02 -4.621530752348e-03
6.345462036133e+02 3.602694146091e-04
6.336348876953e+02 3.023389423446e-04
6.327235107422e+02 2.000484561571e-03
6.318121337891e+02 -1.628827649234e-03
6.309008178711e+02 -5.240754659547e-05
6.299894409180e+02 1.871866195896e-03
6.290780639648e+02 -6.207073625699e-04
6.281667480469e+02 4.212038717059e-03
6.272553710938e+02 4.903344864091e-03
6.263439941406e+02 -2.366051786271e-03
6.254326782227e+02 -1.148196870981e-03
6.245213012695e+02 -3.572635581907e-03
6.236099243164e+02 2.136856895853e-03
6.226985473633e+02 4.693309589623e-04
