#title: Spectral profile - NGC_1052.contsub.uniform.image-raster
#region (world): Ellipse[[02:41:04.799, -08d15m20.761], [02:41:04.797, -08d15m20.741]]
#region (pixel): Ellipse[[246, 246], [264, 266]]
#coordinate: world
#xLabel: radio velocity [km/s]
#yLabel: [Jy] Flux Density

# NGC_1052.contsub.uniform.image-raster
2.938467529297e+03 1.198703465177e-03
2.937556152344e+03 -1.149060184697e-03
2.936644775391e+03 -2.447878477016e-03
2.935733398438e+03 5.850458423023e-03
2.934822265625e+03 1.464228580404e-03
2.933910888672e+03 -2.321424594515e-03
2.932999511719e+03 -4.005047988386e-03
2.932088134766e+03 -6.119518570691e-04
2.931176757812e+03 1.307435097805e-03
2.930265380859e+03 1.215513048685e-03
2.929354003906e+03 3.741083799671e-03
2.928442626953e+03 2.636752492259e-03
2.927531250000e+03 -2.097381214580e-03
2.926619873047e+03 4.426673145742e-03
2.925708496094e+03 1.157584245351e-03
2.924797119141e+03 -3.241903697454e-03
2.923885742188e+03 4.846798113721e-04
2.922974365234e+03 -8.947355725165e-05
2.922063232422e+03 -3.396735114263e-03
2.921151855469e+03 -1.345328871731e-03
2.920240478516e+03 5.324405684643e-04
2.919329101562e+03 7.595584902330e-05
2.918417724609e+03 -3.937708326451e-03
2.917506347656e+03 -2.431630965335e-03
2.916594970703e+03 -4.319915976669e-04
2.915683593750e+03 -1.075722149445e-03
2.914772216797e+03 -1.678914984339e-03
2.913860839844e+03 -1.543612255458e-04
2.912949462891e+03 -1.229086695875e-03
2.912038085938e+03 2.964406154290e-03
2.911126708984e+03 -3.838106337696e-03
2.910215332031e+03 6.079640081210e-04
2.909304199219e+03 3.047998573117e-03
2.908392822266e+03 1.512126994430e-04
2.907481445312e+03 1.376842921804e-03
2.906570068359e+03 4.694079145229e-03
2.905658691406e+03 -1.527111453826e-04
2.904747314453e+03 -4.727925048325e-03
2.903835937500e+03 -7.022861575862e-04
2.902924560547e+03 -7.516320704792e-04
2.902013183594e+03 2.280067313726e-03
2.901101806641e+03 5.291990054670e-03
2.900190429688e+03 3.436112567076e-03
2.899279052734e+03 -5.419117231271e-03
2.898367675781e+03 6.896927684306e-04
2.897456298828e+03 8.159284025546e-03
2.896545166016e+03 8.117005614533e-04
2.895633789062e+03 -4.406000823440e-03
2.894722412109e+03 -5.617250232473e-03
2.893811035156e+03 -8.522628235308e-03
2.892899658203e+03 -2.003944968992e-03
2.891988281250e+03 4.647038680500e-03
2.891076904297e+03 -8.989221999841e-03
2.890165527344e+03 -4.224241457355e-03
2.889254150391e+03 -2.924134393344e-03
2.888342773438e+03 3.004213237404e-03
2.887431396484e+03 7.266436564353e-04
2.886520019531e+03 -1.769204938998e-03
2.885608642578e+03 -4.014431190431e-03
2.884697265625e+03 5.574197214361e-05
2.883786132812e+03 -7.854504958335e-04
2.882874755859e+03 1.101292900896e-03
2.881963378906e+03 1.191015180891e-03
2.881052001953e+03 3.064153578386e-03
2.880140625000e+03 -9.366881696238e-04
2.879229248047e+03 -1.185265716583e-03
2.878317871094e+03 -3.879320507725e-04
2.877406494141e+03 -2.055668690092e-03
2.876495117188e+03 -3.179559858663e-03
2.875583740234e+03 -3.368431966556e-03
2.874672363281e+03 3.059853460689e-03
2.873760986328e+03 4.967663047231e-03
2.872849609375e+03 5.843987742479e-03
2.871938232422e+03 4.606606285029e-04
2.871027099609e+03 -3.971168468268e-03
2.870115722656e+03 -4.279278004768e-03
2.869204345703e+03 2.195294722877e-03
2.868292968750e+03 4.484827254644e-03
2.867381591797e+03 -4.270650947283e-04
2.866470214844e+03 -1.647514302305e-03
2.865558837891e+03 -4.036613656084e-03
2.864647460938e+03 -8.091523554798e-03
2.863736083984e+03 4.068172648062e-03
2.862824707031e+03 -1.157631809860e-03
2.861913330078e+03 -3.927328773116e-03
2.861001953125e+03 -2.643716460866e-03
2.860090576172e+03 -1.157556588794e-03
2.859179199219e+03 -2.840189472632e-04
2.858268066406e+03 -4.068795337815e-04
2.857356689453e+03 1.712676368045e-03
2.856445312500e+03 -1.593075023263e-05
2.855533935547e+03 -8.123898295983e-04
2.854622558594e+03 3.599748782429e-03
2.853711181641e+03 4.624879103032e-03
2.852799804688e+03 -4.352167336233e-03
2.851888427734e+03 3.538200069636e-03
2.850977050781e+03 8.201017769288e-03
2.850065673828e+03 4.981279132930e-03
2.849154296875e+03 7.372164122742e-03
2.848242919922e+03 -3.133039325275e-04
2.847331542969e+03 -1.298416080157e-03
2.846420166016e+03 -2.122756581996e-03
2.845509033203e+03 -8.291337883899e-04
2.844597656250e+03 5.715783390687e-03
2.843686279297e+03 1.162108476523e-03
2.842774902344e+03 1.119521551855e-03
2.841863525391e+03 5.096242073838e-04
2.840952148438e+03 -8.154369979978e-04
2.840040771484e+03 -6.593915298851e-03
2.839129394531e+03 3.521439481148e-03
2.838218017578e+03 8.386785190297e-04
2.837306640625e+03 -3.687901672053e-03
2.836395263672e+03 -1.593704895376e-03
2.835483886719e+03 -1.456720749189e-04
2.834572509766e+03 2.005372857930e-03
2.833661132812e+03 5.384483593152e-03
2.832750000000e+03 1.566881254232e-03
2.831838623047e+03 -2.788581503758e-03
2.830927246094e+03 -3.241304909165e-04
2.830015869141e+03 3.467069432904e-04
2.829104492188e+03 3.409202856821e-04
2.828193115234e+03 -2.383190506643e-03
2.827281738281e+03 -2.693782695926e-03
2.826370361328e+03 -1.780637110409e-03
2.825458984375e+03 -2.452162859086e-03
2.824547607422e+03 -3.410242719503e-03
2.823636230469e+03 -6.393327539842e-03
2.822724853516e+03 -6.749809108898e-03
2.821813476562e+03 -2.555602433473e-03
2.820902099609e+03 -2.450144034771e-05
2.819990966797e+03 -1.515725684633e-03
2.819079589844e+03 -1.078713140464e-04
2.818168212891e+03 5.882928650854e-04
2.817256835938e+03 1.334867540820e-03
2.816345458984e+03 1.794553603532e-03
2.815434082031e+03 4.434403630117e-03
2.814522705078e+03 -2.909557361517e-04
2.813611328125e+03 -5.549082065935e-03
2.812699951172e+03 7.300120938854e-04
2.811788574219e+03 1.657560844473e-04
2.810877197266e+03 -4.830914726832e-03
2.809965820312e+03 -1.419186063463e-03
2.809054443359e+03 -2.866747992303e-03
2.808143066406e+03 7.390479200440e-04
2.807231933594e+03 -1.265333354969e-03
2.806320556641e+03 8.316422857472e-03
2.805409179688e+03 1.503846478366e-03
2.804497802734e+03 2.395623559297e-03
2.803586425781e+03 -3.480148480728e-03
2.802675048828e+03 9.127111868451e-03
2.801763671875e+03 7.937463183711e-03
2.800852294922e+03 2.852632658076e-03
2.799940917969e+03 1.517902446364e-03
2.799029541016e+03 -5.152081495855e-04
2.798118164062e+03 3.242275570851e-04
2.797206787109e+03 3.834479514098e-03
2.796295410156e+03 6.596529201067e-04
2.795384033203e+03 -6.556607349205e-05
2.794472900391e+03 5.048014761367e-04
2.793561523438e+03 -2.022532618744e-04
2.792650146484e+03 1.314079108665e-03
2.791738769531e+03 1.371760552712e-03
2.790827392578e+03 3.927414126972e-03
2.789916015625e+03 5.926152510786e-03
2.789004638672e+03 3.030062819396e-03
2.788093261719e+03 -9.918080443351e-04
2.787181884766e+03 2.337758890563e-03
2.786270507812e+03 -3.517750668717e-04
2.785359130859e+03 2.494712471245e-03
2.784447753906e+03 1.333119813343e-03
2.783536376953e+03 2.630768662476e-03
2.782625000000e+03 1.934719416006e-03
2.781713867188e+03 -5.539717937378e-04
2.780802490234e+03 -2.275826800677e-03
2.779891113281e+03 -1.878248780771e-03
2.778979736328e+03 3.910939402373e-03
2.778068359375e+03 2.676437266635e-03
2.777156982422e+03 6.448001571789e-04
2.776245605469e+03 -2.849233047395e-03
2.775334228516e+03 -1.392170137726e-03
2.774422851562e+03 5.784575021838e-04
2.773511474609e+03 3.029742384811e-04
2.772600097656e+03 1.401900715657e-03
2.771688720703e+03 -5.605730680648e-04
2.770777343750e+03 1.398438043259e-03
2.769865966797e+03 -4.267422759569e-04
2.768954833984e+03 -1.190637645053e-03
2.768043457031e+03 1.415326781740e-03
2.767132080078e+03 6.147425466700e-03
2.766220703125e+03 -1.497965228182e-04
2.765309326172e+03 3.245866750869e-04
2.764397949219e+03 -1.247474610453e-03
2.763486572266e+03 -6.048745919472e-03
2.762575195312e+03 -3.082840589085e-03
2.761663818359e+03 4.193183084812e-04
2.760752441406e+03 -1.728527389611e-03
2.759841064453e+03 -5.559607293028e-03
2.758929687500e+03 2.252111780325e-03
2.758018310547e+03 1.505347919439e-03
2.757106933594e+03 2.686264880932e-03
2.756195800781e+03 1.626100468385e-04
2.755284423828e+03 -1.514659119069e-03
2.754373046875e+03 -2.897626537624e-03
2.753461669922e+03 -2.107227902365e-03
2.752550292969e+03 3.650783235384e-03
2.751638916016e+03 4.754301237380e-04
2.750727539062e+03 -6.998964165288e-03
2.749816162109e+03 2.101983885468e-03
2.748904785156e+03 3.007970475970e-03
2.747993408203e+03 -4.670567734352e-03
2.747082031250e+03 -2.962543151425e-03
2.746170654297e+03 5.746360098072e-03
2.745259277344e+03 5.822439947114e-03
2.744347900391e+03 1.286454977104e-03
2.743436767578e+03 6.271945536015e-04
2.742525390625e+03 3.065174486790e-03
2.741614013672e+03 -1.193517622416e-03
2.740702636719e+03 -2.235566722242e-03
2.739791259766e+03 -3.885988658467e-03
2.738879882812e+03 -2.147339684436e-03
2.737968505859e+03 2.433236714541e-03
2.737057128906e+03 -2.804801835720e-03
2.736145751953e+03 -4.504475807518e-03
2.735234375000e+03 -3.452831432311e-03
2.734322998047e+03 -2.598458175102e-03
2.733411621094e+03 -6.823923911918e-04
2.732500244141e+03 5.145329242956e-03
2.731588867188e+03 1.341619257277e-04
2.730677734375e+03 4.661844474966e-03
2.729766357422e+03 -1.337602202052e-03
2.728854980469e+03 3.569689204967e-03
2.727943603516e+03 4.571293571159e-03
2.727032226562e+03 -2.527735830205e-03
2.726120849609e+03 3.702367481609e-03
2.725209472656e+03 4.089742377938e-03
2.724298095703e+03 -1.122719937245e-03
2.723386718750e+03 -1.039786149775e-03
2.722475341797e+03 1.779524887685e-03
2.721563964844e+03 3.859136526301e-03
2.720652587891e+03 2.674438126754e-03
2.719741210938e+03 -1.216214595388e-03
2.718829833984e+03 3.533365179041e-03
2.717918701172e+03 -1.324626866315e-03
2.717007324219e+03 -6.750072799859e-03
2.716095947266e+03 -4.884328120482e-03
2.715184570312e+03 -7.866630927844e-03
2.714273193359e+03 -9.712182148659e-04
2.713361816406e+03 -2.765501153693e-03
2.712450439453e+03 -2.271592963348e-03
2.711539062500e+03 -7.812857998959e-04
2.710627685547e+03 2.391854876638e-03
2.709716308594e+03 3.354281584796e-03
2.708804931641e+03 -5.207073935830e-05
2.707893554688e+03 -2.299908270403e-03
2.706982177734e+03 -1.153891856641e-03
2.706070800781e+03 3.151204735703e-03
2.705159667969e+03 1.456646273182e-03
2.704248291016e+03 -1.915903897687e-03
2.703336914062e+03 4.916870827563e-03
2.702425537109e+03 4.297181810398e-03
2.701514160156e+03 1.277942718170e-04
2.700602783203e+03 6.619381622959e-04
2.699691406250e+03 -1.166803176987e-03
2.698780029297e+03 -9.055148197163e-04
2.697868652344e+03 -5.516862654462e-03
2.696957275391e+03 -7.930307288138e-03
2.696045898438e+03 5.068372490338e-03
2.695134521484e+03 1.542677475770e-03
2.694223144531e+03 4.946827169776e-03
2.693311767578e+03 5.218694934764e-03
2.692400634766e+03 -3.601331405032e-03
2.691489257812e+03 5.236826191729e-04
2.690577880859e+03 -7.801070583849e-04
2.689666503906e+03 -1.575726822356e-03
2.688755126953e+03 -4.817294930743e-05
2.687843750000e+03 -2.546326281375e-03
2.686932373047e+03 -7.366908542544e-04
2.686020996094e+03 7.493887303572e-03
2.685109619141e+03 -1.634783941669e-03
2.684198242188e+03 2.641126042881e-03
2.683286865234e+03 5.587008741626e-03
2.682375488281e+03 -1.102593474306e-03
2.681464111328e+03 -4.314470496064e-04
2.680552978516e+03 2.102827648860e-03
2.679641601562e+03 1.702460131445e-03
2.678730224609e+03 7.843567267081e-03
2.677818847656e+03 -4.693333371878e-03
2.676907470703e+03 -1.473246167540e-03
2.675996093750e+03 -1.964972946992e-03
2.675084716797e+03 -8.980308005582e-03
2.674173339844e+03 -1.049287488231e-03
2.673261962891e+03 1.376343315647e-03
2.672350585938e+03 -5.048432113109e-03
2.671439208984e+03 1.708812437159e-03
2.670527832031e+03 1.043015434215e-02
2.669616455078e+03 3.172843368552e-03
2.668705078125e+03 -8.807750464599e-05
2.667793945312e+03 8.257746492648e-04
2.666882568359e+03 -1.022195983801e-03
2.665971191406e+03 -3.049489642981e-03
2.665059814453e+03 -9.175061661683e-03
2.664148437500e+03 -1.838049379867e-03
2.663237060547e+03 -2.693644651562e-03
2.662325683594e+03 -1.329387489519e-04
2.661414306641e+03 -5.209022292551e-03
2.660502929688e+03 -2.336531273241e-03
2.659591552734e+03 1.464389036115e-03
2.658680175781e+03 2.133564335119e-03
2.657768798828e+03 1.938574167776e-03
2.656857421875e+03 -1.340843145161e-03
2.655946044922e+03 -2.975327633081e-03
2.655034912109e+03 -3.118960051860e-03
2.654123535156e+03 1.554124309924e-03
2.653212158203e+03 5.789169348076e-04
2.652300781250e+03 -3.568907668827e-03
2.651389404297e+03 -9.325724687066e-04
2.650478027344e+03 -9.596161702093e-04
2.649566650391e+03 6.279760897409e-04
2.648655273438e+03 -4.220178804574e-03
2.647743896484e+03 -7.230700836299e-03
2.646832519531e+03 1.296461047716e-03
2.645921142578e+03 -1.409408993907e-03
2.645009765625e+03 -8.043692494024e-04
2.644098388672e+03 -1.488148044698e-03
2.643187011719e+03 1.823466506784e-03
2.642275878906e+03 5.852420608023e-04
2.641364501953e+03 -1.848342625672e-03
2.640453125000e+03 -7.692336209406e-04
2.639541748047e+03 -1.267182410347e-03
2.638630371094e+03 -2.819143429190e-03
2.637718994141e+03 1.758853995895e-03
2.636807617188e+03 2.730634342192e-04
2.635896240234e+03 -2.433943387243e-03
2.634984863281e+03 -1.203141651079e-02
2.634073486328e+03 -1.147663647803e-03
2.633162109375e+03 3.569843223376e-03
2.632250732422e+03 -2.098572651881e-04
2.631339355469e+03 -3.527458179649e-04
2.630427978516e+03 7.327033390923e-03
2.629516845703e+03 5.234528313355e-03
2.628605468750e+03 -5.745795999687e-03
2.627694091797e+03 1.201128063032e-03
2.626782714844e+03 4.919401938924e-04
2.625871337891e+03 -6.589422538933e-04
2.624959960938e+03 1.335115972991e-03
2.624048583984e+03 -1.468284199836e-04
2.623137207031e+03 -3.149673373097e-03
2.622225830078e+03 1.515252304522e-03
2.621314453125e+03 -7.486666200515e-04
2.620403076172e+03 4.420833797625e-03
2.619491699219e+03 -2.942432543322e-03
2.618580322266e+03 -6.320584597392e-03
2.617668945312e+03 3.532032180702e-03
2.616757812500e+03 -3.194340142339e-03
2.615846435547e+03 -1.382546371324e-03
2.614935058594e+03 -3.057748462954e-03
2.614023681641e+03 -8.319088615732e-04
2.613112304688e+03 -1.638330060574e-03
2.612200927734e+03 -3.942536898953e-04
2.611289550781e+03 -1.221714673850e-04
2.610378173828e+03 4.198408326245e-03
2.609466796875e+03 -3.788348616292e-03
2.608555419922e+03 3.455260202492e-03
2.607644042969e+03 -2.765528333412e-03
2.606732666016e+03 -3.525333810404e-03
2.605821289062e+03 2.957213303836e-03
2.604909912109e+03 7.472328898580e-04
2.603998779297e+03 3.534366775539e-03
2.603087402344e+03 -9.622834781897e-04
2.602176025391e+03 -1.132554823309e-03
2.601264648438e+03 -2.907335419463e-03
2.600353271484e+03 4.163905341513e-03
2.599441894531e+03 1.567886903847e-03
2.598530517578e+03 -4.650120956037e-04
2.597619140625e+03 -2.899259228131e-03
2.596707763672e+03 -6.088084986892e-03
2.595796386719e+03 -2.509969592102e-03
2.594885009766e+03 -4.541716791343e-03
2.593973632812e+03 -5.925038142295e-04
2.593062255859e+03 2.695330747833e-03
2.592150878906e+03 8.209185394150e-04
2.591239746094e+03 -2.964419744150e-03
2.590328369141e+03 -2.262487995799e-03
2.589416992188e+03 -2.416474695541e-03
2.588505615234e+03 1.042754461226e-03
2.587594238281e+03 2.357446067249e-03
2.586682861328e+03 1.081458739149e-03
2.585771484375e+03 7.912219900194e-03
2.584860107422e+03 7.237729773972e-04
2.583948730469e+03 8.067330505172e-04
2.583037353516e+03 -1.213172493383e-03
2.582125976562e+03 -2.252228605434e-03
2.581214599609e+03 4.474326346247e-03
2.580303222656e+03 9.571476437287e-03
2.579391845703e+03 -1.452079126664e-03
2.578480712891e+03 -1.831682172991e-03
2.577569335938e+03 2.328682294826e-03
2.576657958984e+03 -1.907659144411e-03
2.575746582031e+03 -2.922177691973e-03
2.574835205078e+03 -7.743155728002e-04
2.573923828125e+03 6.163071925115e-03
2.573012451172e+03 -1.664759714997e-03
2.572101074219e+03 1.791949953315e-03
2.571189697266e+03 -3.012005472195e-03
2.570278320312e+03 3.607332639372e-03
2.569366943359e+03 -4.933477636061e-03
2.568455566406e+03 -3.695501190117e-05
2.567544189453e+03 1.810304727708e-03
2.566632812500e+03 -1.614249425313e-03
2.565721679688e+03 5.637738972460e-04
2.564810302734e+03 2.950554987861e-03
2.563898925781e+03 8.191178710898e-03
2.562987548828e+03 -2.514054596626e-04
2.562076171875e+03 1.135280186217e-03
2.561164794922e+03 1.584247902778e-03
2.560253417969e+03 -4.951709148043e-04
2.559342041016e+03 -1.715731106235e-03
2.558430664062e+03 3.928003497727e-03
2.557519287109e+03 2.177691801509e-03
2.556607910156e+03 6.173219377952e-04
2.555696533203e+03 4.964748856800e-04
2.554785156250e+03 -8.467885658017e-04
2.553873779297e+03 -1.201263484791e-03
2.552962646484e+03 -3.699990209843e-03
2.552051269531e+03 -3.455013677669e-03
2.551139892578e+03 -6.370171849503e-03
2.550228515625e+03 -2.019648409450e-03
2.549317138672e+03 -1.640304166503e-03
2.548405761719e+03 -5.264897000519e-04
2.547494384766e+03 -3.385925692210e-03
2.546583007812e+03 -8.737752256566e-05
2.545671630859e+03 2.472029088133e-03
2.544760253906e+03 2.684339889233e-03
2.543848876953e+03 -4.105329708542e-03
2.542937500000e+03 4.132839876017e-03
2.542026123047e+03 -2.451265928349e-03
2.541114746094e+03 1.124594980249e-03
2.540203613281e+03 -5.069631817333e-03
2.539292236328e+03 -1.725067339817e-03
2.538380859375e+03 -1.881624072756e-03
2.537469482422e+03 1.746582114208e-03
2.536558105469e+03 4.364906518357e-03
2.535646728516e+03 1.391743010822e-03
2.534735351562e+03 -1.024470616363e-03
2.533823974609e+03 -2.221774445205e-03
2.532912597656e+03 1.169443305248e-03
2.532001220703e+03 2.514492869600e-03
2.531089843750e+03 2.449274656282e-03
2.530178466797e+03 2.304837336342e-03
2.529267089844e+03 5.225491771940e-03
2.528355712891e+03 5.148980862087e-03
2.527444580078e+03 4.734853492563e-03
2.526533203125e+03 -6.349129978386e-03
2.525621826172e+03 2.703888783137e-03
2.524710449219e+03 6.313512148325e-03
2.523799072266e+03 4.768564450738e-03
2.522887695312e+03 -1.393465227510e-03
2.521976318359e+03 -3.890101617570e-03
2.521064941406e+03 1.785448874401e-03
2.520153564453e+03 3.888416951810e-03
2.519242187500e+03 6.298692525582e-03
2.518330810547e+03 6.847746697473e-03
2.517419433594e+03 -4.077463343694e-04
2.516508056641e+03 -5.794659532167e-05
2.515596679688e+03 3.176782520503e-03
2.514685546875e+03 2.563647153551e-03
2.513774169922e+03 -2.221967325844e-03
2.512862792969e+03 7.912649053657e-03
2.511951416016e+03 5.053621398038e-05
2.511040039062e+03 -6.249905406260e-03
2.510128662109e+03 -9.161530929839e-03
2.509217285156e+03 1.396295494597e-03
2.508305908203e+03 6.471759149860e-03
2.507394531250e+03 6.828940239061e-03
2.506483154297e+03 5.494780801454e-03
2.505571777344e+03 1.604116325276e-02
2.504660400391e+03 -4.563936807924e-04
2.503749023438e+03 -2.298694719778e-03
2.502837646484e+03 -4.741082565668e-05
2.501926513672e+03 2.840282813510e-03
2.501015136719e+03 4.224596820264e-04
2.500103759766e+03 3.729763923416e-03
2.499192382812e+03 -1.623675065867e-03
2.498281005859e+03 -1.299907269231e-03
2.497369628906e+03 1.739795052195e-03
2.496458251953e+03 1.306648912503e-03
2.495546875000e+03 6.679067452096e-03
2.494635498047e+03 3.934021182950e-03
2.493724121094e+03 1.270916283891e-03
2.492812744141e+03 -3.951673218548e-03
2.491901367188e+03 -4.928412522514e-05
2.490989990234e+03 -1.949259373743e-03
2.490078613281e+03 -1.806835021962e-03
2.489167480469e+03 -2.680477269650e-03
2.488256103516e+03 -2.307668318684e-03
2.487344726562e+03 -1.565675571421e-03
2.486433349609e+03 2.036784984056e-03
2.485521972656e+03 1.176305636011e-02
2.484610595703e+03 3.930113979090e-03
2.483699218750e+03 1.297028245543e-03
2.482787841797e+03 1.581570938844e-03
2.481876464844e+03 -1.806498613331e-03
2.480965087891e+03 5.321279778504e-03
2.480053710938e+03 4.176816185021e-03
2.479142333984e+03 -3.571694782149e-03
2.478230957031e+03 -5.232324371905e-03
2.477319580078e+03 -2.532546163685e-03
2.476408447266e+03 -7.292410243221e-03
2.475497070312e+03 1.047880222501e-03
2.474585693359e+03 8.427795810455e-03
2.473674316406e+03 9.002129863117e-04
2.472762939453e+03 1.006911444806e-03
2.471851562500e+03 -3.030796433399e-03
2.470940185547e+03 4.188276728245e-04
2.470028808594e+03 -1.912568183188e-03
2.469117431641e+03 -1.997748469827e-03
2.468206054688e+03 1.393837994976e-03
2.467294677734e+03 6.037963677138e-03
2.466383300781e+03 5.009486436363e-03
2.465471923828e+03 -6.215458211478e-03
2.464560546875e+03 -2.899543661509e-03
2.463649414062e+03 -2.543817402548e-03
2.462738037109e+03 1.647415358590e-03
2.461826660156e+03 2.413132305322e-03
2.460915283203e+03 1.380184715976e-03
2.460003906250e+03 3.803520383294e-03
2.459092529297e+03 4.707609877072e-03
2.458181152344e+03 3.396156472344e-03
2.457269775391e+03 -2.070751526960e-03
2.456358398438e+03 -3.560365607570e-04
2.455447021484e+03 -4.908455604996e-03
2.454535644531e+03 -6.431793041547e-03
2.453624267578e+03 -2.184341772833e-03
2.452712890625e+03 -4.748584555628e-04
2.451801513672e+03 -9.624101380658e-04
2.450890380859e+03 5.984887407375e-03
2.449979003906e+03 5.045516134539e-04
2.449067626953e+03 -8.414627474869e-03
2.448156250000e+03 -2.431911584015e-03
2.447244873047e+03 -9.305041874346e-04
2.446333496094e+03 -3.973771999276e-03
2.445422119141e+03 2.136295181654e-03
2.444510742188e+03 2.102751593329e-03
2.443599365234e+03 2.537006021838e-03
2.442687988281e+03 1.803801622236e-03
2.441776611328e+03 1.125793510504e-03
2.440865234375e+03 -4.072128966151e-03
2.439953857422e+03 4.197066983255e-03
2.439042480469e+03 -4.134045320411e-03
2.438131347656e+03 -2.536299349136e-03
2.437219970703e+03 -4.966611144410e-03
2.436308593750e+03 4.729189143692e-03
2.435397216797e+03 1.105094962157e-03
2.434485839844e+03 -8.536319184445e-03
2.433574462891e+03 -7.283275473348e-03
2.432663085938e+03 6.545625520709e-03
2.431751708984e+03 4.808265437578e-03
2.430840332031e+03 2.840802566037e-03
2.429928955078e+03 -3.998242508537e-05
2.429017578125e+03 6.464451143227e-03
2.428106201172e+03 1.222800908948e-03
2.427194824219e+03 -2.935825487345e-03
2.426283447266e+03 -2.013147688164e-03
2.425372314453e+03 -4.989881752510e-03
2.424460937500e+03 -1.280944169805e-03
2.423549560547e+03 -1.445487210266e-03
2.422638183594e+03 -1.237846910143e-03
2.421726806641e+03 -1.857949583563e-03
2.420815429688e+03 -8.550456453183e-03
2.419904052734e+03 -2.676562913232e-03
2.418992675781e+03 3.542206455630e-03
2.418081298828e+03 3.349037806318e-03
2.417169921875e+03 5.064341785648e-03
2.416258544922e+03 3.180455358888e-03
2.415347167969e+03 -2.218828306683e-03
2.414435791016e+03 1.516339970132e-03
2.413524414062e+03 -6.878016321714e-04
2.412613281250e+03 1.005887198542e-03
2.411701904297e+03 1.114041381344e-03
2.410790527344e+03 -4.778637159346e-03
2.409879150391e+03 -7.909135002052e-04
2.408967773438e+03 9.166434842616e-04
2.408056396484e+03 3.107415346874e-03
2.407145019531e+03 5.252118956165e-04
2.406233642578e+03 1.698815426454e-03
2.405322265625e+03 -3.491317914852e-03
2.404410888672e+03 6.157298976576e-04
2.403499511719e+03 -9.564077712379e-04
2.402588134766e+03 3.139446646079e-03
2.401676757812e+03 4.741832958379e-03
2.400765380859e+03 3.313153662692e-03
2.399854248047e+03 3.131878286345e-03
2.398942871094e+03 -2.677939542173e-03
2.398031494141e+03 -1.002942848159e-03
2.397120117188e+03 2.190974816438e-03
2.396208740234e+03 -8.906113928381e-04
2.395297363281e+03 5.552689622331e-05
2.394385986328e+03 -3.381932657658e-03
2.393474609375e+03 4.040734661815e-04
2.392563232422e+03 3.680712457482e-04
2.391651855469e+03 1.464105914039e-03
2.390740478516e+03 2.507518887411e-03
2.389829101562e+03 1.653515775063e-03
2.388917724609e+03 -7.620557312526e-04
2.388006347656e+03 6.681690056591e-03
2.387095214844e+03 2.523444772415e-03
2.386183837891e+03 2.128659111039e-03
2.385272460938e+03 -3.862478678102e-03
2.384361083984e+03 1.422912903660e-03
2.383449707031e+03 -1.345031802167e-03
2.382538330078e+03 -6.473426649482e-03
2.381626953125e+03 -1.206414375386e-02
2.380715576172e+03 -4.985368190570e-04
2.379804199219e+03 -3.682332929037e-03
2.378892822266e+03 3.046315576287e-03
2.377981445312e+03 2.055979826353e-03
2.377070068359e+03 -2.249562370337e-03
2.376158691406e+03 4.151333052402e-03
2.375247314453e+03 4.435005398640e-03
2.374336181641e+03 -2.377722376272e-03
2.373424804688e+03 -4.115929322236e-03
2.372513427734e+03 -1.141389901015e-03
2.371602050781e+03 3.572381189271e-03
2.370690673828e+03 -6.233743010015e-03
2.369779296875e+03 -1.812955227178e-03
2.368867919922e+03 2.888665813321e-03
2.367956542969e+03 -2.436976101516e-04
2.367045166016e+03 -1.653095085461e-03
2.366133789062e+03 -1.829037395568e-03
2.365222412109e+03 -4.799285162951e-03
2.364311035156e+03 -1.028252054416e-03
2.363399658203e+03 1.910995812584e-03
2.362488281250e+03 -1.491522859845e-03
2.361577148438e+03 -2.489305376033e-03
2.360665771484e+03 1.064323595055e-03
2.359754394531e+03 3.793850423290e-04
2.358843017578e+03 2.245319473102e-03
2.357931640625e+03 1.163940604181e-03
2.357020263672e+03 -3.530791450357e-03
2.356108886719e+03 -5.162276513200e-03
2.355197509766e+03 -1.320207628729e-04
2.354286132812e+03 3.742839275752e-04
2.353374755859e+03 3.501827644737e-03
2.352463378906e+03 -5.575629022305e-03
2.351552001953e+03 -1.972088430614e-03
2.350640625000e+03 -9.780728089453e-04
2.349729248047e+03 -5.812367715343e-03
2.348818115234e+03 -3.125645070717e-03
2.347906738281e+03 7.889451163227e-04
2.346995361328e+03 1.787861312908e-03
2.346083984375e+03 -2.788247956150e-03
2.345172607422e+03 -2.007492130978e-04
2.344261230469e+03 -3.937589117155e-03
2.343349853516e+03 -5.635877876943e-03
2.342438476562e+03 -6.763839089270e-03
2.341527099609e+03 -3.774216115926e-03
2.340615722656e+03 -5.890800279035e-03
2.339704345703e+03 2.631762391161e-03
2.338792968750e+03 -1.827257362371e-03
2.337881591797e+03 -3.002447986160e-03
2.336970214844e+03 3.666441316706e-04
2.336059082031e+03 -2.499328255156e-03
2.335147705078e+03 4.949744459649e-03
2.334236328125e+03 4.404782981280e-03
2.333324951172e+03 -1.146899277802e-03
2.332413574219e+03 -6.308081926510e-03
2.331502197266e+03 -2.883146661371e-03
2.330590820312e+03 -1.582775906400e-03
2.329679443359e+03 -6.965720388341e-04
2.328768066406e+03 7.634778385399e-03
2.327856689453e+03 3.039335395215e-03
2.326945312500e+03 1.415670342929e-03
2.326033935547e+03 1.912235350836e-03
2.325122558594e+03 2.705164799433e-03
2.324211181641e+03 -5.564372207767e-04
2.323300048828e+03 -1.965150092004e-03
2.322388671875e+03 1.008920002221e-03
2.321477294922e+03 3.572760513249e-03
2.320565917969e+03 -4.269814217240e-03
2.319654541016e+03 -1.200391707215e-03
2.318743164062e+03 -4.778491724006e-03
2.317831787109e+03 3.578682592616e-03
2.316920410156e+03 6.262220203293e-03
2.316009033203e+03 1.431789823828e-03
2.315097656250e+03 -3.028988087995e-04
2.314186279297e+03 -3.570999076703e-03
2.313274902344e+03 -1.390134162173e-03
2.312363525391e+03 -6.821311321004e-03
2.311452148438e+03 -7.311628212121e-04
2.310541015625e+03 2.362879924948e-04
2.309629638672e+03 1.675492723892e-03
2.308718261719e+03 -2.457846281445e-03
2.307806884766e+03 3.529609609405e-03
2.306895507812e+03 -1.511608076368e-03
2.305984130859e+03 4.896586650727e-03
2.305072753906e+03 1.798093881181e-03
2.304161376953e+03 -2.313508620475e-03
2.303250000000e+03 -2.186692341716e-03
2.302338623047e+03 4.566004016312e-03
2.301427246094e+03 -1.765880519580e-04
2.300515869141e+03 -7.685815460958e-04
2.299604492188e+03 2.280515063839e-03
2.298693359375e+03 2.404828901073e-03
2.297781982422e+03 3.057652857099e-05
2.296870605469e+03 1.395114249690e-03
2.295959228516e+03 -8.152012616166e-04
2.295047851562e+03 -4.431168766683e-03
2.294136474609e+03 -3.596213034733e-03
2.293225097656e+03 -1.536377145308e-04
2.292313720703e+03 -1.376252127987e-05
2.291402343750e+03 -1.589474753536e-03
2.290490966797e+03 -2.529413581826e-03
2.289579589844e+03 -5.827761450052e-03
2.288668212891e+03 -1.079774550226e-03
2.287756835938e+03 4.135255533176e-03
2.286845458984e+03 4.101331428781e-03
2.285934326172e+03 2.938110491115e-03
2.285022949219e+03 2.011052942428e-03
2.284111572266e+03 1.598618821734e-03
2.283200195312e+03 6.147780710400e-03
2.282288818359e+03 9.702838404891e-03
2.281377441406e+03 4.857630483563e-03
2.280466064453e+03 -3.118801265078e-03
2.279554687500e+03 9.811736215277e-04
2.278643310547e+03 3.563919713497e-03
2.277731933594e+03 -2.813292875400e-03
2.276820556641e+03 1.804000224922e-04
2.275909179688e+03 1.263735831203e-03
2.274997802734e+03 1.255444109466e-03
2.274086425781e+03 1.866445153196e-03
2.273175292969e+03 -1.549212886961e-03
2.272263916016e+03 2.646217948717e-03
2.271352539062e+03 -3.702933725761e-03
2.270441162109e+03 -1.245906769802e-03
2.269529785156e+03 7.652351266025e-03
2.268618408203e+03 5.310729755878e-03
2.267707031250e+03 3.324241557658e-03
2.266795654297e+03 4.440516205939e-03
2.265884277344e+03 -2.015990829855e-03
2.264972900391e+03 -2.737348686536e-03
2.264061523438e+03 -8.612849644623e-03
2.263150146484e+03 -8.950567074566e-04
2.262238769531e+03 -5.854084769784e-04
2.261327392578e+03 -1.099841408517e-03
2.260416259766e+03 1.885481327921e-03
2.259504882812e+03 -1.181457218020e-03
2.258593505859e+03 2.587334278928e-03
2.257682128906e+03 1.073944738853e-03
2.256770751953e+03 -8.097743418985e-03
2.255859375000e+03 -4.384277551992e-03
2.254947998047e+03 -2.164902074644e-03
2.254036621094e+03 -1.982202862475e-03
2.253125244141e+03 -2.587295178279e-03
2.252213867188e+03 -1.473473380457e-04
2.251302490234e+03 -4.233411513180e-03
2.250391113281e+03 -6.449919053303e-04
2.249479736328e+03 5.986150072230e-03
2.248568359375e+03 -1.398713655150e-03
2.247657226562e+03 -3.777168930169e-03
2.246745849609e+03 4.470360193391e-04
2.245834472656e+03 9.725436434147e-04
2.244923095703e+03 3.981422076982e-05
2.244011718750e+03 2.644477493007e-03
2.243100341797e+03 -7.573212506467e-03
2.242188964844e+03 -6.216822919490e-03
2.241277587891e+03 -2.176928385183e-03
2.240366210938e+03 -1.210205612444e-03
2.239454833984e+03 -2.332444063346e-03
2.238543457031e+03 1.704387030493e-03
2.237632080078e+03 -1.068202307893e-03
2.236720703125e+03 -6.580173804973e-03
2.235809326172e+03 -7.864687816332e-03
2.234898193359e+03 1.121340521787e-04
2.233986816406e+03 1.027613807850e-03
2.233075439453e+03 1.336487475932e-03
2.232164062500e+03 -5.200913199453e-03
2.231252685547e+03 -3.200875970763e-04
2.230341308594e+03 8.436587853605e-04
2.229429931641e+03 3.143683582850e-03
2.228518554688e+03 -3.459673569019e-03
2.227607177734e+03 -8.825855674333e-03
2.226695800781e+03 1.179245170338e-03
2.225784423828e+03 -1.450127432082e-03
2.224873046875e+03 3.306122460041e-03
2.223961669922e+03 6.862515298639e-03
2.223050292969e+03 5.051636458965e-03
2.222139160156e+03 5.723117146528e-03
2.221227783203e+03 3.597415379685e-03
2.220316406250e+03 -2.869133191487e-04
2.219405029297e+03 5.265968096037e-04
2.218493652344e+03 4.025962543976e-03
2.217582275391e+03 8.477112219047e-03
2.216670898438e+03 4.053371621968e-03
2.215759521484e+03 3.037194157855e-03
2.214848144531e+03 -1.687956294125e-03
2.213936767578e+03 -1.914286585179e-03
2.213025390625e+03 -9.132717685558e-04
2.212114013672e+03 -1.600843624811e-03
2.211202636719e+03 3.994335125863e-03
2.210291259766e+03 2.311983933590e-03
2.209380126953e+03 -7.525253653329e-04
2.208468750000e+03 -5.561975266468e-03
2.207557373047e+03 -4.024704647493e-03
2.206645996094e+03 4.294135774487e-03
2.205734619141e+03 -3.091651586512e-03
2.204823242188e+03 -1.023276735271e-03
2.203911865234e+03 4.784351576121e-03
2.203000488281e+03 1.758410894944e-03
2.202089111328e+03 2.536088587102e-03
2.201177734375e+03 3.839039746477e-03
2.200266357422e+03 2.981390617835e-03
2.199354980469e+03 5.054495574701e-03
2.198443603516e+03 7.118143181340e-04
2.197532226562e+03 -7.007008885366e-03
2.196621093750e+03 3.177657755148e-03
2.195709716797e+03 3.930100389230e-03
2.194798339844e+03 9.727965459345e-04
2.193886962891e+03 -5.686769278744e-03
2.192975585938e+03 -9.060482217078e-04
2.192064208984e+03 1.953103933119e-04
2.191152832031e+03 -2.285599258324e-05
2.190241455078e+03 5.262187373239e-04
2.189330078125e+03 9.881514064928e-03
2.188418701172e+03 2.188892945306e-03
2.187507324219e+03 5.444091578618e-03
2.186595947266e+03 1.811756220087e-03
2.185684570312e+03 2.388473624189e-03
2.184773193359e+03 -1.159448201891e-03
2.183862060547e+03 1.068482092109e-03
2.182950683594e+03 2.390986317713e-03
2.182039306641e+03 -3.364674012734e-03
2.181127929688e+03 -6.166072184657e-03
2.180216552734e+03 -7.100603321689e-04
2.179305175781e+03 -9.481017443847e-04
2.178393798828e+03 -2.650901920345e-03
2.177482421875e+03 -3.840732280051e-03
2.176571044922e+03 -1.381900733781e-03
2.175659667969e+03 -5.151777988990e-03
2.174748291016e+03 -4.120469289035e-03
2.173836914062e+03 -2.583446148555e-03
2.172925537109e+03 3.020501041827e-03
2.172014160156e+03 -3.669666941420e-03
2.171103027344e+03 -5.455144664470e-03
2.170191650391e+03 1.496525716337e-03
2.169280273438e+03 1.863984852157e-04
2.168368896484e+03 1.491438221245e-03
2.167457519531e+03 1.157805974640e-03
2.166546142578e+03 2.838312760698e-03
2.165634765625e+03 5.669374139177e-04
2.164723388672e+03 1.910855860872e-03
2.163812011719e+03 5.979388640215e-04
2.162900634766e+03 -2.147331101367e-03
2.161989257812e+03 -7.366335145834e-04
2.161077880859e+03 7.635812168407e-03
2.160166503906e+03 -1.274695456968e-04
2.159255126953e+03 -4.402434081327e-03
2.158343994141e+03 -4.084695056378e-03
2.157432617188e+03 -2.424954767965e-03
2.156521240234e+03 -3.462090895108e-03
2.155609863281e+03 -1.589353517682e-03
2.154698486328e+03 -2.561073186449e-03
2.153787109375e+03 4.007858943567e-03
2.152875732422e+03 9.343500581122e-03
2.151964355469e+03 -9.448784442514e-04
2.151052978516e+03 4.274995053210e-03
2.150141601562e+03 2.241829978613e-03
2.149230224609e+03 -2.960464141316e-03
2.148318847656e+03 -4.200289925760e-03
2.147407470703e+03 -4.486196254190e-03
2.146496093750e+03 2.226858006390e-03
2.145584960938e+03 9.981212494002e-04
2.144673583984e+03 -2.022042132098e-03
2.143762207031e+03 2.698932060642e-03
2.142850830078e+03 -1.002612280783e-03
2.141939453125e+03 1.473297189118e-03
2.141028076172e+03 5.268151056651e-03
2.140116699219e+03 -1.564137056257e-03
2.139205322266e+03 -1.791566337803e-03
2.138293945312e+03 -1.172037299512e-03
2.137382568359e+03 6.752776943512e-03
2.136471191406e+03 -3.662383730320e-03
2.135559814453e+03 1.032943893857e-03
2.134648437500e+03 3.121240764096e-03
2.133737060547e+03 1.041183163505e-03
2.132825927734e+03 3.569186141741e-03
2.131914550781e+03 -4.506580089997e-03
2.131003173828e+03 -1.172595154310e-04
2.130091796875e+03 1.444264122897e-03
2.129180419922e+03 2.804592504198e-03
2.128269042969e+03 1.795710648951e-03
2.127357666016e+03 -4.238482199761e-03
2.126446289062e+03 -3.068946030472e-03
2.125534912109e+03 1.829508033865e-04
2.124623535156e+03 2.885767835355e-03
2.123712158203e+03 7.632440452701e-03
2.122800781250e+03 6.410219973811e-03
2.121889404297e+03 3.149977833637e-03
2.120978027344e+03 3.812947215941e-03
2.120066894531e+03 1.293231548699e-03
2.119155517578e+03 -2.057158567864e-03
2.118244140625e+03 -1.379831498835e-03
2.117332763672e+03 -1.602938608965e-03
2.116421386719e+03 -1.287400426024e-03
2.115510009766e+03 4.328849044415e-03
2.114598632812e+03 1.218057928720e-03
2.113687255859e+03 5.924843235097e-04
2.112775878906e+03 2.058084585669e-03
2.111864501953e+03 -9.651823800283e-05
2.110953125000e+03 -2.404715413824e-03
2.110041748047e+03 5.912829203116e-03
2.109130371094e+03 1.878878444268e-03
2.108218994141e+03 -6.074464132821e-03
2.107307861328e+03 -6.671057541132e-03
2.106396484375e+03 -1.802677120954e-03
2.105485107422e+03 -7.428514118171e-04
2.104573730469e+03 2.261614757909e-04
2.103662353516e+03 -1.266348541327e-03
2.102750976562e+03 1.024125624663e-03
2.101839599609e+03 -2.810961856841e-03
2.100928222656e+03 2.133335214853e-03
2.100016845703e+03 -1.572812393506e-03
2.099105468750e+03 -6.111951641468e-03
2.098194091797e+03 3.557587077317e-03
2.097282714844e+03 -2.944245001447e-03
2.096371337891e+03 -2.557276847233e-03
2.095459960938e+03 1.936465966292e-05
2.094548828125e+03 6.540949178476e-03
2.093637451172e+03 1.046966721672e-03
2.092726074219e+03 -2.994619273325e-03
2.091814697266e+03 -2.478971599068e-03
2.090903320312e+03 3.005163573905e-03
2.089991943359e+03 3.136207491110e-03
2.089080566406e+03 4.535356081373e-04
2.088169189453e+03 -7.939783473433e-03
2.087257812500e+03 -4.575232246273e-03
2.086346435547e+03 -4.949542280684e-03
2.085435058594e+03 -5.391370075717e-03
2.084523681641e+03 -3.827214184392e-03
2.083612304688e+03 -4.635977488416e-03
2.082700927734e+03 -5.255053292967e-04
2.081789794922e+03 -6.292403043166e-03
2.080878417969e+03 5.136116748622e-03
2.079967041016e+03 -1.810156908182e-03
2.079055664062e+03 -2.259363520171e-03
2.078144287109e+03 1.057272484452e-03
2.077232910156e+03 9.718200429928e-04
2.076321533203e+03 3.555394103122e-03
2.075410156250e+03 -1.942636462929e-03
2.074498779297e+03 1.191391167008e-03
2.073587402344e+03 1.146419221971e-03
2.072676025391e+03 4.008544635433e-03
2.071764648438e+03 1.225681601567e-03
2.070853271484e+03 -9.693205220954e-04
2.069941894531e+03 -3.174049408991e-04
2.069030761719e+03 -3.702425655745e-03
2.068119384766e+03 -1.358237688681e-03
2.067208007812e+03 6.579173877405e-03
2.066296630859e+03 4.843417397714e-03
2.065385253906e+03 3.022829676200e-03
2.064473876953e+03 -5.587346223141e-04
2.063562500000e+03 -3.389434379396e-04
2.062651123047e+03 4.463050100594e-03
2.061739746094e+03 -5.840342799069e-03
2.060828369141e+03 2.967112503315e-04
2.059916992188e+03 4.683617277876e-04
2.059005615234e+03 1.591190175294e-03
2.058094238281e+03 -4.688475652702e-04
2.057182861328e+03 -3.547603060424e-03
2.056271728516e+03 2.162303550427e-03
2.055360351562e+03 1.638893682122e-03
2.054448974609e+03 -9.943242545338e-04
2.053537597656e+03 6.714007219686e-03
2.052626220703e+03 3.301340498373e-03
2.051714843750e+03 -1.932270261036e-03
2.050803466797e+03 -9.234078965092e-04
2.049892089844e+03 -4.126897531070e-03
2.048980712891e+03 -2.587838593852e-04
2.048069335938e+03 3.252218400932e-03
2.047158081055e+03 7.002853249335e-03
2.046246704102e+03 2.710065493559e-03
2.045335327148e+03 6.289053261971e-03
2.044423950195e+03 1.694148740174e-03
2.043512573242e+03 -1.611642914073e-03
2.042601196289e+03 -7.487432120237e-04
2.041689819336e+03 1.036488820669e-03
2.040778564453e+03 2.969128988148e-03
2.039867187500e+03 -8.968907424635e-04
2.038955810547e+03 -2.615098123783e-03
2.038044433594e+03 7.955010315129e-04
2.037133056641e+03 -4.379368513215e-03
2.036221679688e+03 -6.430200405363e-03
2.035310302734e+03 -9.941935415416e-04
2.034399047852e+03 4.642081481168e-03
2.033487670898e+03 -8.832673492344e-03
2.032576293945e+03 -2.209073648474e-03
2.031664916992e+03 1.221058140578e-02
2.030753540039e+03 6.509777378290e-03
2.029842163086e+03 2.934695919668e-04
2.028930786133e+03 -1.712448231256e-04
2.028019531250e+03 -2.919461388972e-03
2.027108154297e+03 -1.888383835841e-03
2.026196777344e+03 4.468615744169e-03
2.025285400391e+03 1.618830400110e-03
2.024374023438e+03 -3.756853520497e-04
2.023462646484e+03 -9.277926885685e-03
2.022551269531e+03 1.764871561908e-03
2.021640014648e+03 5.179134257264e-04
2.020728637695e+03 -4.042258454631e-03
2.019817260742e+03 4.700544401750e-04
2.018905883789e+03 1.563315942631e-03
2.017994506836e+03 1.959397289836e-03
2.017083129883e+03 9.380625216674e-03
2.016171752930e+03 4.430462093981e-03
2.015260498047e+03 5.067550184620e-04
2.014349121094e+03 4.275190556454e-03
2.013437744141e+03 -8.354531684966e-03
2.012526367188e+03 -4.518402314222e-03
2.011614990234e+03 1.783659989915e-04
2.010703613281e+03 -8.772566735187e-04
2.009792236328e+03 -2.347519509237e-03
2.008880981445e+03 -3.050618555007e-03
2.007969604492e+03 5.884623807031e-03
2.007058227539e+03 -4.660800201540e-03
2.006146850586e+03 2.498708605239e-03
2.005235473633e+03 -4.637927275649e-03
2.004324096680e+03 1.028452445242e-03
2.003412719727e+03 2.819020882035e-03
2.002501464844e+03 3.225435410158e-03
2.001590087891e+03 -9.199183900988e-03
2.000678710938e+03 -7.326659550573e-03
1.999767333984e+03 -1.818465915268e-03
1.998855957031e+03 -3.579714468276e-03
1.997944580078e+03 -1.077957085311e-03
1.997033203125e+03 -2.836472884435e-03
1.996121948242e+03 -6.556400372066e-04
1.995210571289e+03 5.008468865819e-03
1.994299194336e+03 6.482586691726e-03
1.993387817383e+03 2.484901516447e-04
1.992476440430e+03 4.368334977687e-03
1.991565063477e+03 -7.740186105249e-03
1.990653686523e+03 -2.455660221389e-03
1.989742431641e+03 -5.333926454215e-03
1.988831054688e+03 -2.466887948859e-04
1.987919677734e+03 5.607491759567e-03
1.987008300781e+03 4.240297518908e-03
1.986096923828e+03 2.670066721899e-03
1.985185546875e+03 5.804879941092e-03
1.984274169922e+03 -1.041589428783e-03
1.983362915039e+03 -3.048577930292e-03
1.982451538086e+03 -3.704282936564e-03
1.981540161133e+03 4.459738466373e-03
1.980628784180e+03 3.338704029353e-03
1.979717407227e+03 -5.423722524764e-03
1.978806030273e+03 -2.042574979524e-03
1.977894653320e+03 2.971740804202e-04
1.976983398438e+03 2.372676097794e-04
1.976072021484e+03 2.905348677349e-03
1.975160644531e+03 -1.779027069668e-03
1.974249267578e+03 1.488249968645e-03
1.973337890625e+03 -1.406426496550e-03
1.972426513672e+03 2.313424220294e-03
1.971515136719e+03 3.564967682411e-04
1.970603881836e+03 7.442919607823e-03
1.969692504883e+03 3.223188791780e-03
1.968781127930e+03 -4.699532732066e-03
1.967869750977e+03 -1.286008419084e-03
1.966958374023e+03 9.175545413003e-04
1.966046997070e+03 -7.452695246867e-03
1.965135620117e+03 -2.115974765192e-03
1.964224365234e+03 5.513044857574e-04
1.963312988281e+03 -5.990816400882e-03
1.962401611328e+03 -3.381995123328e-03
1.961490234375e+03 -3.103679089144e-03
1.960578857422e+03 -1.282462300179e-03
1.959667480469e+03 1.235547839676e-03
1.958756103516e+03 -3.882430976260e-03
1.957844848633e+03 2.109295468381e-03
1.956933471680e+03 2.803069963079e-03
1.956022094727e+03 -3.790385828642e-05
1.955110717773e+03 2.911997694999e-03
1.954199340820e+03 5.878843944353e-04
1.953287963867e+03 3.129178434227e-03
1.952376586914e+03 -2.798418654799e-03
1.951465332031e+03 7.040751314795e-03
1.950553955078e+03 -4.103409693831e-05
1.949642578125e+03 -5.543374682508e-04
1.948731201172e+03 -1.215121803778e-03
1.947819824219e+03 5.795159138323e-03
1.946908447266e+03 1.714314422971e-03
1.945997070312e+03 -6.530475926636e-03
1.945085815430e+03 2.961464545722e-03
1.944174438477e+03 2.367895000393e-03
1.943263061523e+03 -4.656785351686e-04
1.942351684570e+03 3.428139551389e-04
1.941440307617e+03 -6.001678990280e-04
1.940528930664e+03 -7.188487871189e-03
1.939617553711e+03 -3.360883753193e-04
1.938706298828e+03 1.133708292450e-03
1.937794921875e+03 -3.680112059867e-03
1.936883544922e+03 2.042805768720e-03
1.935972167969e+03 3.854065601302e-03
1.935060791016e+03 2.013450002937e-03
1.934149414062e+03 -8.827732624686e-04
1.933238037109e+03 -1.257946074154e-03
1.932326782227e+03 1.471048663392e-04
1.931415405273e+03 9.503944967595e-04
1.930504028320e+03 3.796933592897e-03
1.929592651367e+03 3.033089304983e-03
1.928681274414e+03 -1.967309210759e-04
1.927769897461e+03 8.538885075118e-05
1.926858520508e+03 1.399614758212e-03
1.925947265625e+03 2.177143200333e-03
1.925035888672e+03 1.098188643165e-02
1.924124511719e+03 -3.408585233463e-03
1.923213134766e+03 -5.201184519809e-03
1.922301757812e+03 2.017610407340e-03
1.921390380859e+03 -2.920225043717e-03
1.920479003906e+03 -3.446671649609e-03
1.919567749023e+03 3.330990711116e-03
1.918656372070e+03 4.427180500502e-03
1.917744995117e+03 7.934397239847e-04
1.916833618164e+03 -7.209841116985e-03
1.915922241211e+03 -2.291404356120e-03
1.915010864258e+03 -3.570937326288e-03
1.914099487305e+03 -5.506184362634e-03
1.913188232422e+03 3.189401301238e-03
1.912276855469e+03 6.052162934710e-03
1.911365478516e+03 4.607000092936e-03
1.910454101562e+03 3.556831528804e-03
1.909542724609e+03 7.212049349970e-03
1.908631347656e+03 8.372530738822e-04
1.907719970703e+03 -6.836116638632e-03
1.906808715820e+03 7.611201170991e-04
1.905897338867e+03 -5.922363085710e-03
1.904985961914e+03 -2.174501760769e-03
1.904074584961e+03 1.848631946631e-03
1.903163208008e+03 1.753337466549e-03
1.902251831055e+03 -1.637429434349e-03
1.901340454102e+03 8.263581668439e-03
1.900429199219e+03 -3.560746838896e-03
1.899517822266e+03 2.879510301030e-03
1.898606445312e+03 -3.199117335635e-03
1.897695068359e+03 -6.074968626558e-03
1.896783691406e+03 6.329061093537e-04
1.895872314453e+03 -1.531482411647e-03
1.894960937500e+03 -8.322245873916e-04
1.894049682617e+03 -1.935404154198e-03
1.893138305664e+03 -2.790422095276e-03
1.892226928711e+03 2.548886181780e-03
1.891315551758e+03 4.729832397049e-03
1.890404174805e+03 2.203118428922e-03
1.889492797852e+03 -2.684393294998e-03
1.888581420898e+03 -1.678367098418e-03
1.887670166016e+03 -1.916920276138e-03
1.886758789062e+03 -3.316557803326e-03
1.885847412109e+03 -3.644180232522e-03
1.884936035156e+03 2.231905327949e-03
1.884024658203e+03 3.211267623840e-03
1.883113281250e+03 4.423485310374e-04
1.882201904297e+03 -7.178017480372e-03
1.881290649414e+03 -6.843490925634e-03
1.880379272461e+03 -5.292586577983e-03
1.879467895508e+03 -6.059452344693e-03
1.878556518555e+03 -5.691132815785e-03
1.877645141602e+03 1.367145960894e-03
1.876733764648e+03 1.316007557433e-03
1.875822387695e+03 2.595017794842e-03
1.874911132812e+03 2.620724802517e-03
1.873999755859e+03 5.177428014622e-03
1.873088378906e+03 8.064518953944e-04
1.872177001953e+03 8.404720228762e-04
1.871265625000e+03 5.761858260124e-03
1.870354248047e+03 2.553489567924e-03
1.869442871094e+03 2.130841356398e-03
1.868531616211e+03 -4.622632246236e-03
1.867620239258e+03 -4.217207632100e-03
1.866708862305e+03 -4.860526554181e-04
1.865797485352e+03 6.823510851710e-04
1.864886108398e+03 4.172820766283e-03
1.863974731445e+03 2.000269746421e-03
1.863063354492e+03 5.565119054002e-03
1.862152099609e+03 4.686173661607e-03
1.861240722656e+03 2.453894731727e-03
1.860329345703e+03 5.122650509006e-04
1.859417968750e+03 -1.031449366923e-03
1.858506591797e+03 5.759035384013e-03
1.857595214844e+03 -3.407305938911e-04
1.856683837891e+03 2.561591985301e-04
1.855772583008e+03 9.125760631090e-04
1.854861206055e+03 2.092190186215e-04
1.853949829102e+03 2.602588061925e-03
1.853038452148e+03 -4.430376263288e-03
1.852127075195e+03 1.541320397153e-03
1.851215698242e+03 6.407571143272e-03
1.850304321289e+03 2.100870232232e-03
1.849393066406e+03 -5.684399397955e-03
1.848481689453e+03 3.082388189809e-04
1.847570312500e+03 -2.715434680215e-03
1.846658935547e+03 1.133590036829e-03
1.845747558594e+03 2.264688599388e-03
1.844836181641e+03 -1.777919019269e-03
1.843924804688e+03 -3.606112413026e-03
1.843013549805e+03 2.756641995710e-03
1.842102172852e+03 9.154530006350e-04
1.841190795898e+03 5.833899298244e-03
1.840279418945e+03 6.716027578821e-03
1.839368041992e+03 5.881434243129e-03
1.838456665039e+03 -2.733124028323e-04
1.837545288086e+03 5.383494632838e-03
1.836634033203e+03 -2.390364998866e-03
1.835722656250e+03 -8.753604112597e-04
1.834811279297e+03 1.923646779830e-03
1.833899902344e+03 -4.753040062641e-03
1.832988525391e+03 -3.835644188912e-03
1.832077148438e+03 -3.626142197226e-03
1.831165771484e+03 4.780385244451e-03
1.830254516602e+03 7.294324386875e-04
1.829343139648e+03 -2.473196206738e-04
1.828431762695e+03 -1.287228407011e-03
1.827520385742e+03 1.401210851466e-03
1.826609008789e+03 -6.056107570288e-04
1.825697631836e+03 3.757592916151e-04
1.824786254883e+03 -6.053516198629e-03
1.823875000000e+03 -6.006471799994e-04
1.822963623047e+03 7.190205796343e-04
1.822052246094e+03 -3.673490698773e-03
1.821140869141e+03 2.000421380644e-03
1.820229492188e+03 -1.678968628521e-03
1.819318115234e+03 -1.447051474638e-03
1.818406738281e+03 1.550529672836e-03
1.817495483398e+03 -2.436683293684e-03
1.816584106445e+03 -2.464309809431e-03
1.815672729492e+03 -1.743628942338e-03
1.814761352539e+03 1.528179420100e-04
1.813849975586e+03 1.664731581603e-03
1.812938598633e+03 3.553978850369e-03
1.812027221680e+03 -2.778157127729e-03
1.811115966797e+03 3.016375446539e-03
1.810204589844e+03 5.321620717088e-03
1.809293212891e+03 -4.538339830428e-03
1.808381835938e+03 -5.544506813185e-03
1.807470458984e+03 1.648612935170e-03
1.806559082031e+03 -6.346110168520e-03
1.805647705078e+03 -5.663294584330e-03
1.804736450195e+03 -1.372029131254e-03
1.803825073242e+03 -1.010255146327e-03
1.802913696289e+03 1.220957337198e-03
1.802002319336e+03 3.588763407457e-03
1.801090942383e+03 -1.122070604214e-03
1.800179565430e+03 -9.209008654262e-04
1.799268188477e+03 1.215582905332e-03
1.798356933594e+03 1.637443530848e-04
1.797445556641e+03 -7.437424059313e-03
1.796534179688e+03 -2.263922322039e-03
1.795622802734e+03 -2.554434897635e-03
1.794711425781e+03 -1.994739388797e-03
1.793800048828e+03 -2.448972341509e-03
1.792888671875e+03 -1.452143618892e-03
1.791977416992e+03 9.470498534846e-03
1.791066040039e+03 5.868814747138e-03
1.790154663086e+03 2.871613877315e-03
1.789243286133e+03 -2.810875549311e-03
1.788331909180e+03 -2.740343939287e-03
1.787420532227e+03 6.512799095505e-03
1.786509155273e+03 -3.077883151334e-03
1.785597900391e+03 -1.934217380961e-05
1.784686523438e+03 -1.267486513259e-03
1.783775146484e+03 -3.026834870101e-03
1.782863769531e+03 -1.223733483265e-03
1.781952392578e+03 -6.966619822474e-03
1.781041015625e+03 -8.900095408694e-03
1.780129638672e+03 -1.732417069705e-03
1.779218383789e+03 3.723762450658e-03
1.778307006836e+03 2.041657067951e-03
1.777395629883e+03 1.116681524507e-04
1.776484252930e+03 2.832590952946e-03
1.775572875977e+03 7.890847104074e-03
1.774661499023e+03 1.067786267453e-03
1.773750122070e+03 2.452260372290e-03
1.772838867188e+03 2.349494330421e-03
1.771927490234e+03 3.485686050514e-04
1.771016113281e+03 1.106653361432e-02
1.770104736328e+03 -5.540912116493e-05
1.769193359375e+03 -5.110531572846e-03
1.768281982422e+03 -5.099256280867e-04
1.767370605469e+03 3.618357409291e-06
1.766459350586e+03 -4.798367251378e-03
1.765547973633e+03 -1.961864803038e-03
1.764636596680e+03 7.025708293832e-04
1.763725219727e+03 -9.825266470284e-04
1.762813842773e+03 6.626044528492e-05
1.761902465820e+03 2.195103272749e-03
1.760991088867e+03 1.248602449595e-03
1.760079833984e+03 -4.693655236975e-03
1.759168457031e+03 -1.403070635681e-03
1.758257080078e+03 1.637170392550e-03
1.757345703125e+03 1.243794023463e-03
1.756434326172e+03 2.920381446313e-03
1.755522949219e+03 4.291692937609e-03
1.754611572266e+03 -3.210328016176e-03
1.753700317383e+03 -1.163553293181e-03
1.752788940430e+03 -9.997144220261e-04
1.751877563477e+03 4.255849086724e-03
1.750966186523e+03 6.153156572777e-03
1.750054809570e+03 5.839740553709e-03
1.749143432617e+03 3.306484141043e-03
1.748232055664e+03 5.322622909633e-04
1.747320800781e+03 -1.309931459656e-03
1.746409423828e+03 -4.783076036663e-03
1.745498046875e+03 -6.997556065093e-03
1.744586669922e+03 -1.070532730405e-03
1.743675292969e+03 1.853841631250e-03
1.742763916016e+03 5.775593078281e-03
1.741852539062e+03 -3.359990994781e-03
1.740941284180e+03 -7.381021373376e-03
1.740029907227e+03 -1.422045417618e-03
1.739118530273e+03 2.671975262715e-03
1.738207153320e+03 5.753693853913e-04
1.737295776367e+03 2.111797671487e-03
1.736384399414e+03 5.824822225669e-03
1.735473022461e+03 2.135091167772e-03
1.734561767578e+03 5.996221827164e-03
1.733650390625e+03 7.341578355451e-04
1.732739013672e+03 4.326044824559e-04
1.731827636719e+03 1.575163796855e-03
1.730916259766e+03 4.893505328865e-03
1.730004882812e+03 -1.537080122522e-03
1.729093627930e+03 2.170360191435e-03
1.728182250977e+03 -1.237820445680e-03
1.727270874023e+03 -3.517801690295e-03
1.726359497070e+03 -2.679085143500e-03
1.725448120117e+03 -3.876461272779e-04
1.724536743164e+03 -2.695314773788e-03
1.723625366211e+03 -3.362329165897e-03
1.722714111328e+03 9.388796537024e-04
1.721802734375e+03 -9.387876241265e-04
1.720891357422e+03 -1.090366892152e-03
1.719979980469e+03 -5.632468491100e-03
1.719068603516e+03 -1.369533603868e-03
1.718157226562e+03 9.337339248698e-04
1.717245849609e+03 -2.435935374566e-03
1.716334594727e+03 -9.898521774285e-04
1.715423217773e+03 -3.272501862513e-03
1.714511840820e+03 4.616816739978e-03
1.713600463867e+03 -2.616631632157e-03
1.712689086914e+03 6.749611221468e-04
1.711777709961e+03 -5.614164619075e-03
1.710866333008e+03 -2.968695543151e-03
1.709955078125e+03 7.917333978958e-03
1.709043701172e+03 4.574296214887e-03
1.708132324219e+03 2.431899424667e-03
1.707220947266e+03 5.833002844344e-03
1.706309570312e+03 7.633265619442e-04
1.705398193359e+03 -2.226208315731e-03
1.704486816406e+03 -5.851918021634e-03
1.703575561523e+03 -3.089990762611e-03
1.702664184570e+03 1.547622754172e-03
1.701752807617e+03 -8.814129652009e-04
1.700841430664e+03 8.903254931854e-03
1.699930053711e+03 8.460396214836e-03
1.699018676758e+03 -2.643252498289e-03
1.698107299805e+03 1.343382422358e-03
1.697196044922e+03 2.774969232756e-03
1.696284667969e+03 2.086920598925e-03
1.695373291016e+03 2.160228355016e-03
1.694461914062e+03 -1.127435022499e-03
1.693550537109e+03 -1.800164814860e-04
1.692639160156e+03 8.994111488294e-03
1.691727783203e+03 -1.837473241343e-03
1.690816528320e+03 6.763153874242e-03
1.689905151367e+03 -2.089360097942e-03
1.688993774414e+03 8.463361188426e-03
1.688082397461e+03 5.349612966953e-03
1.687171020508e+03 -1.172096546532e-03
1.686259643555e+03 5.680634768412e-03
1.685348266602e+03 2.687979110598e-03
1.684437011719e+03 1.766913259507e-03
1.683525634766e+03 4.670522434820e-03
1.682614257812e+03 3.723240790782e-03
1.681702880859e+03 5.142105823613e-03
1.680791503906e+03 9.513049577517e-03
1.679880126953e+03 -6.812242593080e-04
1.678968750000e+03 2.840017453619e-03
1.678057495117e+03 2.309769501722e-03
1.677146118164e+03 -5.185940511974e-04
1.676234741211e+03 4.851732961310e-03
1.675323364258e+03 9.444675894155e-03
1.674411987305e+03 8.454744621359e-04
1.673500610352e+03 -9.577897049927e-04
1.672589233398e+03 9.681149942557e-03
1.671677978516e+03 1.093103556101e-02
1.670766601562e+03 5.595569399534e-03
1.669855224609e+03 7.839282408174e-03
1.668943847656e+03 2.585755471022e-03
1.668032470703e+03 -1.265931636619e-04
1.667121093750e+03 5.789526260706e-03
1.666209716797e+03 4.569422938899e-03
1.665298461914e+03 5.494421266220e-03
1.664387084961e+03 4.773706662896e-03
1.663475708008e+03 4.344751564397e-03
1.662564331055e+03 6.999816273330e-03
1.661652954102e+03 2.387101286782e-03
1.660741577148e+03 1.677647861056e-02
1.659830200195e+03 1.743433653670e-02
1.658918945312e+03 8.940469212796e-03
1.658007568359e+03 6.308577837178e-03
1.657096191406e+03 1.666359265320e-03
1.656184814453e+03 4.527697778225e-03
1.655273437500e+03 1.080028203764e-02
1.654362060547e+03 1.021942759416e-02
1.653450683594e+03 1.292759956728e-02
1.652539428711e+03 1.707486424485e-02
1.651628051758e+03 1.143275315228e-02
1.650716674805e+03 1.005243444506e-02
1.649805297852e+03 2.003671169083e-02
1.648893920898e+03 1.665027697493e-02
1.647982543945e+03 2.935987611986e-03
1.647071166992e+03 1.442805263384e-02
1.646159912109e+03 1.681946452874e-02
1.645248535156e+03 2.148256976121e-02
1.644337158203e+03 1.955976197640e-02
1.643425781250e+03 1.483872293381e-02
1.642514404297e+03 1.933518310831e-02
1.641603027344e+03 2.072812941776e-02
1.640691650391e+03 2.306224932538e-02
1.639780395508e+03 2.553799559776e-02
1.638869018555e+03 2.388278311679e-02
1.637957641602e+03 2.125056367719e-02
1.637046264648e+03 2.731937156738e-02
1.636134887695e+03 3.153111607589e-02
1.635223510742e+03 2.434152337296e-02
1.634312133789e+03 2.494623493427e-02
1.633400878906e+03 2.983560703845e-02
1.632489501953e+03 3.089174417358e-02
1.631578125000e+03 3.612661151817e-02
1.630666748047e+03 4.036849022917e-02
1.629755371094e+03 3.523253798937e-02
1.628843994141e+03 3.785105312839e-02
1.627932617188e+03 4.525733399775e-02
1.627021362305e+03 3.915704150219e-02
1.626109985352e+03 4.125481229275e-02
1.625198608398e+03 4.465122816452e-02
1.624287231445e+03 3.815016355520e-02
1.623375854492e+03 3.313388218901e-02
1.622464477539e+03 4.034510613382e-02
1.621553100586e+03 4.165363509612e-02
1.620641845703e+03 3.693576988180e-02
1.619730468750e+03 3.464978954861e-02
1.618819091797e+03 3.213376007119e-02
1.617907714844e+03 4.557290865874e-02
1.616996337891e+03 4.653209144355e-02
1.616084960938e+03 4.227837191168e-02
1.615173583984e+03 4.237547884989e-02
1.614262329102e+03 4.496148132257e-02
1.613350952148e+03 4.810700072856e-02
1.612439575195e+03 5.000618981413e-02
1.611528198242e+03 4.656575614852e-02
1.610616821289e+03 5.179420335731e-02
1.609705444336e+03 5.185755403781e-02
1.608794067383e+03 4.621323614276e-02
1.607882812500e+03 4.692792352412e-02
1.606971435547e+03 4.502097152925e-02
1.606060058594e+03 5.041572047323e-02
1.605148681641e+03 5.112121061905e-02
1.604237304688e+03 5.768374907772e-02
1.603325927734e+03 5.719283184859e-02
1.602414550781e+03 5.885392659302e-02
1.601503295898e+03 5.921308417233e-02
1.600591918945e+03 5.020268106492e-02
1.599680541992e+03 5.296687949943e-02
1.598769165039e+03 4.420093364850e-02
1.597857788086e+03 4.637000876374e-02
1.596946411133e+03 4.947273107908e-02
1.596035034180e+03 5.044403697238e-02
1.595123779297e+03 4.662165291021e-02
1.594212402344e+03 4.113195996148e-02
1.593301025391e+03 3.889470857347e-02
1.592389648438e+03 4.428253002689e-02
1.591478271484e+03 3.477726529319e-02
1.590566894531e+03 3.736970697516e-02
1.589655517578e+03 4.230441866585e-02
1.588744262695e+03 3.944350620696e-02
1.587832885742e+03 4.164537246145e-02
1.586921508789e+03 3.887578004474e-02
1.586010131836e+03 3.963617894561e-02
1.585098754883e+03 3.869130127621e-02
1.584187377930e+03 4.372439019936e-02
1.583276000977e+03 4.076357844373e-02
1.582364746094e+03 3.507792830185e-02
1.581453369141e+03 3.403844995048e-02
1.580541992188e+03 3.568681504952e-02
1.579630615234e+03 3.090731195386e-02
1.578719238281e+03 3.582859209483e-02
1.577807861328e+03 2.587970475095e-02
1.576896484375e+03 2.742158257077e-02
1.575985229492e+03 2.512681889671e-02
1.575073852539e+03 3.018961859091e-02
1.574162475586e+03 2.726288924963e-02
1.573251098633e+03 3.263784945061e-02
1.572339721680e+03 2.647217113346e-02
1.571428344727e+03 2.469705508235e-02
1.570516967773e+03 2.253098022666e-02
1.569605712891e+03 2.664849026415e-02
1.568694335938e+03 3.160059506784e-02
1.567782958984e+03 3.526875472693e-02
1.566871582031e+03 3.183308752578e-02
1.565960205078e+03 2.741728722144e-02
1.565048828125e+03 2.672478802778e-02
1.564137451172e+03 2.297022165682e-02
1.563226196289e+03 3.188995131328e-02
1.562314819336e+03 3.797659863607e-02
1.561403442383e+03 3.305298008556e-02
1.560492065430e+03 2.717805037841e-02
1.559580688477e+03 2.705834517253e-02
1.558669311523e+03 3.190830954474e-02
1.557757934570e+03 2.766690767092e-02
1.556846679688e+03 2.536552740414e-02
1.555935302734e+03 2.050710203299e-02
1.555023925781e+03 2.314364543215e-02
1.554112548828e+03 2.764224755927e-02
1.553201171875e+03 3.013105154101e-02
1.552289794922e+03 2.763606965676e-02
1.551378417969e+03 2.648292285821e-02
1.550467163086e+03 2.647001964410e-02
1.549555786133e+03 3.086991838214e-02
1.548644409180e+03 2.893411201578e-02
1.547733032227e+03 3.285223926181e-02
1.546821655273e+03 2.233092032641e-02
1.545910278320e+03 2.394868773723e-02
1.544998901367e+03 2.897061485564e-02
1.544087646484e+03 2.519876027586e-02
1.543176269531e+03 3.096943620913e-02
1.542264892578e+03 3.474395535508e-02
1.541353515625e+03 2.693711218032e-02
1.540442138672e+03 2.892590087952e-02
1.539530761719e+03 3.132793766048e-02
1.538619384766e+03 3.258489382065e-02
1.537708129883e+03 3.892782396201e-02
1.536796752930e+03 3.823297682207e-02
1.535885375977e+03 4.068307306882e-02
1.534973999023e+03 3.814259901016e-02
1.534062622070e+03 3.559552933962e-02
1.533151245117e+03 4.072583201250e-02
1.532239868164e+03 3.910054201831e-02
1.531328613281e+03 3.817639722954e-02
1.530417236328e+03 3.264626848787e-02
1.529505859375e+03 4.067355158399e-02
1.528594482422e+03 3.977547643757e-02
1.527683105469e+03 3.526491714130e-02
1.526771728516e+03 3.845232955466e-02
1.525860351562e+03 3.798921002583e-02
1.524949096680e+03 4.041368294982e-02
1.524037719727e+03 3.647190267226e-02
1.523126342773e+03 4.156155974384e-02
1.522214965820e+03 3.357341925823e-02
1.521303588867e+03 3.644523030772e-02
1.520392211914e+03 3.428108759628e-02
1.519480834961e+03 3.037634612359e-02
1.518569580078e+03 3.093993524642e-02
1.517658203125e+03 3.491813444050e-02
1.516746826172e+03 3.744141947246e-02
1.515835449219e+03 4.128225141149e-02
1.514924072266e+03 3.650491124927e-02
1.514012695312e+03 3.337697759850e-02
1.513101318359e+03 3.291938175157e-02
1.512190063477e+03 3.002685498760e-02
1.511278686523e+03 2.620600824850e-02
1.510367309570e+03 2.759563958587e-02
1.509455932617e+03 3.152466732986e-02
1.508544555664e+03 3.052056076056e-02
1.507633178711e+03 2.407434959318e-02
1.506721801758e+03 2.531393934322e-02
1.505810546875e+03 3.006925916442e-02
1.504899169922e+03 2.362810628585e-02
1.503987792969e+03 2.123838907029e-02
1.503076416016e+03 2.949753519928e-02
1.502165039062e+03 2.994348286755e-02
1.501253662109e+03 2.752824341873e-02
1.500342285156e+03 2.353377644738e-02
1.499431030273e+03 2.202317533193e-02
1.498519653320e+03 2.589388398136e-02
1.497608276367e+03 2.236648284336e-02
1.496696899414e+03 2.132716089458e-02
1.495785522461e+03 3.030955077129e-02
1.494874145508e+03 1.811092081262e-02
1.493962768555e+03 1.455784962182e-02
1.493051513672e+03 1.951487443155e-02
1.492140136719e+03 2.111301522401e-02
1.491228759766e+03 1.758262336321e-02
1.490317382812e+03 1.791504372812e-02
1.489406005859e+03 1.848731510234e-02
1.488494628906e+03 2.114148431105e-02
1.487583251953e+03 2.246886360078e-02
1.486671997070e+03 2.252991211137e-02
1.485760620117e+03 2.060743239054e-02
1.484849243164e+03 2.068259909638e-02
1.483937866211e+03 2.191778859292e-02
1.483026489258e+03 2.655978710442e-02
1.482115112305e+03 2.452902338186e-02
1.481203735352e+03 2.166030223731e-02
1.480292480469e+03 2.122453599651e-02
1.479381103516e+03 1.776029289679e-02
1.478469726562e+03 1.653837473267e-02
1.477558349609e+03 2.169434459732e-02
1.476646972656e+03 2.380328863670e-02
1.475735595703e+03 1.684461864370e-02
1.474824218750e+03 1.589880255874e-02
1.473912963867e+03 1.773567665417e-02
1.473001586914e+03 1.950816437874e-02
1.472090209961e+03 2.331337848770e-02
1.471178833008e+03 1.822558108112e-02
1.470267456055e+03 1.378223293917e-02
1.469356079102e+03 1.720294843367e-02
1.468444702148e+03 1.966488168660e-02
1.467533447266e+03 1.735753141831e-02
1.466622070312e+03 1.084460119258e-02
1.465710693359e+03 6.899578899032e-03
1.464799316406e+03 1.655500490619e-02
1.463887939453e+03 1.539090897230e-02
1.462976562500e+03 6.111753754038e-03
1.462065185547e+03 6.538404298442e-03
1.461153930664e+03 1.251298963852e-02
1.460242553711e+03 1.098775057530e-02
1.459331176758e+03 1.067545178574e-02
1.458419799805e+03 1.322492662302e-02
1.457508422852e+03 1.455849144467e-02
1.456597045898e+03 8.613495282166e-03
1.455685668945e+03 8.222513589401e-03
1.454774414062e+03 1.176541479680e-02
1.453863037109e+03 3.926305718945e-03
1.452951660156e+03 5.499268316163e-03
1.452040283203e+03 8.316981710648e-03
1.451128906250e+03 6.344501796709e-03
1.450217529297e+03 3.609811000619e-03
1.449306152344e+03 7.729916343676e-04
1.448394897461e+03 7.144425731493e-03
1.447483520508e+03 1.022722197472e-02
1.446572143555e+03 1.421961088963e-02
1.445660766602e+03 9.596930006001e-03
1.444749389648e+03 8.491216109183e-03
1.443838012695e+03 -2.483567117399e-04
1.442926635742e+03 9.726860508388e-03
1.442015380859e+03 -5.274418842974e-04
1.441104003906e+03 2.329574695610e-03
1.440192626953e+03 -5.134439116210e-04
1.439281250000e+03 6.374638860213e-03
1.438369873047e+03 9.136497931519e-03
1.437458496094e+03 5.833132544057e-03
1.436547119141e+03 2.273606169926e-03
1.435635864258e+03 4.493952964611e-03
1.434724487305e+03 2.307791104258e-03
1.433813110352e+03 5.453676482791e-03
1.432901733398e+03 -7.388944976811e-04
1.431990356445e+03 8.492632613633e-05
1.431078979492e+03 3.605415038649e-03
1.430167602539e+03 1.212673244855e-03
1.429256347656e+03 5.580589082660e-03
1.428344970703e+03 8.341000953122e-03
1.427433593750e+03 6.892631858144e-03
1.426522216797e+03 9.420149296920e-03
1.425610839844e+03 7.962756058295e-03
1.424699462891e+03 2.113699775002e-03
1.423788085938e+03 -3.780150593061e-03
1.422876831055e+03 2.104378561790e-03
1.421965454102e+03 1.083336690860e-02
1.421054077148e+03 3.329610029059e-03
1.420142700195e+03 4.780922639954e-03
1.419231323242e+03 2.593162421371e-03
1.418319946289e+03 4.473105166227e-03
1.417408569336e+03 4.025678349016e-03
1.416497314453e+03 1.200090369959e-02
1.415585937500e+03 7.533497691349e-03
1.414674560547e+03 6.863756028983e-03
1.413763183594e+03 4.844105950603e-03
1.412851806641e+03 2.411308403105e-03
1.411940429688e+03 2.634575968947e-03
1.411029052734e+03 7.347864857634e-04
1.410117797852e+03 3.465994761107e-03
1.409206420898e+03 4.690819009423e-03
1.408295043945e+03 1.249701940766e-02
1.407383666992e+03 9.433065862475e-03
1.406472290039e+03 1.112607651151e-03
1.405560913086e+03 2.945852896421e-03
1.404649536133e+03 4.823116054739e-03
1.403738281250e+03 6.205931004605e-03
1.402826904297e+03 8.729346689951e-03
1.401915527344e+03 6.688126881695e-03
1.401004150391e+03 2.348432414020e-03
1.400092773438e+03 -1.258114278469e-03
1.399181396484e+03 1.076065114587e-03
1.398270019531e+03 3.767998397507e-03
1.397358764648e+03 3.342253366909e-03
1.396447387695e+03 5.616446761823e-03
1.395536010742e+03 2.917490144067e-03
1.394624633789e+03 3.237451230278e-03
1.393713256836e+03 6.708844503528e-03
1.392801879883e+03 1.300778093133e-03
1.391890502930e+03 8.443533344772e-03
1.390979248047e+03 1.748984181507e-03
1.390067871094e+03 6.837808933787e-03
1.389156494141e+03 1.244066178284e-03
1.388245117188e+03 1.804077114917e-04
1.387333740234e+03 9.606270292699e-03
1.386422363281e+03 3.826433125090e-03
1.385510986328e+03 6.042624999000e-04
1.384599731445e+03 9.092139437514e-04
1.383688354492e+03 8.226047906585e-03
1.382776977539e+03 4.674128754419e-03
1.381865600586e+03 2.624453192434e-03
1.380954223633e+03 7.884821312619e-03
1.380042846680e+03 8.741856036554e-03
1.379131469727e+03 8.754526554123e-03
1.378220214844e+03 -2.495951920090e-04
1.377308837891e+03 -7.949141045479e-04
1.376397460938e+03 1.051270534857e-02
1.375486083984e+03 8.376132409258e-03
1.374574707031e+03 5.476333878276e-03
1.373663330078e+03 1.328399625931e-02
1.372751953125e+03 7.425933713766e-03
1.371840698242e+03 2.460793373641e-03
1.370929321289e+03 5.680126936814e-03
1.370017944336e+03 7.213933810508e-04
1.369106567383e+03 -9.759058819815e-04
1.368195190430e+03 -1.313853978185e-05
1.367283813477e+03 -6.209740933680e-03
1.366372436523e+03 5.789177692726e-03
1.365461181641e+03 6.035910893075e-03
1.364549804688e+03 2.280547965605e-03
1.363638427734e+03 6.616136388316e-03
1.362727050781e+03 7.181645734481e-03
1.361815673828e+03 4.753284680115e-03
1.360904296875e+03 5.602419165637e-03
1.359992919922e+03 7.673969633293e-03
1.359081665039e+03 7.091705182266e-03
1.358170288086e+03 6.479870388725e-04
1.357258911133e+03 2.268349516844e-03
1.356347534180e+03 2.960484168478e-03
1.355436157227e+03 3.476175711756e-03
1.354524780273e+03 8.780525147735e-04
1.353613403320e+03 6.027669239241e-03
1.352702148438e+03 -1.915753336347e-03
1.351790771484e+03 -1.445255825024e-03
1.350879394531e+03 -6.347107711902e-03
1.349968017578e+03 -2.498842596487e-03
1.349056640625e+03 1.889979742830e-05
1.348145263672e+03 -3.002833985858e-03
1.347234008789e+03 5.743269239465e-03
1.346322631836e+03 7.424254293215e-03
1.345411254883e+03 7.173035962344e-03
1.344499877930e+03 1.648942668080e-03
1.343588500977e+03 -1.286345781389e-03
1.342677124023e+03 -4.497255538926e-03
1.341765747070e+03 -2.005648469821e-03
1.340854492188e+03 4.060371114946e-03
1.339943115234e+03 5.707462105044e-03
1.339031738281e+03 1.476809691002e-03
1.338120361328e+03 2.690033563591e-03
1.337208984375e+03 2.096083561797e-04
1.336297607422e+03 -2.155606610641e-03
1.335386230469e+03 8.756823359614e-04
1.334474975586e+03 -7.407654875694e-04
1.333563598633e+03 9.218638857967e-03
1.332652221680e+03 2.161280019419e-03
1.331740844727e+03 5.119632725698e-04
1.330829467773e+03 -2.620869999439e-03
1.329918090820e+03 -2.767769945000e-03
1.329006713867e+03 3.800371469761e-04
1.328095458984e+03 7.176400048655e-03
1.327184082031e+03 4.319473948603e-03
1.326272705078e+03 4.262520038885e-03
1.325361328125e+03 5.351642385995e-03
1.324449951172e+03 -2.088401863825e-04
1.323538574219e+03 -2.370055072822e-03
1.322627197266e+03 2.468678353264e-03
1.321715942383e+03 1.291915835708e-03
1.320804565430e+03 4.150232989026e-03
1.319893188477e+03 1.324043622917e-02
1.318981811523e+03 1.010089922244e-02
1.318070434570e+03 4.415112228292e-03
1.317159057617e+03 7.133315902016e-03
1.316247680664e+03 3.376649301694e-03
1.315336425781e+03 -1.909416885469e-03
1.314425048828e+03 5.864202301087e-03
1.313513671875e+03 1.927378626816e-03
1.312602294922e+03 2.364385955579e-03
1.311690917969e+03 -2.224731849005e-04
1.310779541016e+03 -1.970805500179e-03
1.309868164062e+03 4.081679180419e-04
1.308956909180e+03 3.273578799285e-03
1.308045532227e+03 2.609159355114e-03
1.307134155273e+03 -6.891526311140e-04
1.306222778320e+03 7.975733182172e-03
1.305311401367e+03 3.246511136714e-03
1.304400024414e+03 5.292121184895e-03
1.303488647461e+03 -5.524196887141e-03
1.302577392578e+03 -6.631945925047e-03
1.301666015625e+03 1.307693424348e-03
1.300754638672e+03 2.419079180223e-03
1.299843261719e+03 -5.993624614249e-04
1.298931884766e+03 1.366204326671e-03
1.298020507812e+03 -8.775321661999e-04
1.297109130859e+03 -1.718874655350e-03
1.296197875977e+03 4.201684197677e-03
1.295286499023e+03 2.542905928277e-03
1.294375122070e+03 -4.452586862335e-03
1.293463745117e+03 -5.968365475895e-03
1.292552368164e+03 -7.577184202556e-04
1.291640991211e+03 -5.948744698787e-04
1.290729614258e+03 3.548130442346e-03
1.289818359375e+03 1.870639055411e-03
1.288906982422e+03 7.522452711728e-03
1.287995605469e+03 -4.252331935679e-03
1.287084228516e+03 -2.403307224222e-04
1.286172851562e+03 3.863414947907e-03
1.285261474609e+03 5.668792040188e-03
1.284350097656e+03 -2.988917373526e-04
1.283438842773e+03 6.486004183801e-03
1.282527465820e+03 3.444386407420e-03
1.281616088867e+03 9.956561799892e-04
1.280704711914e+03 3.363632361912e-03
1.279793334961e+03 5.351173655046e-03
1.278881958008e+03 6.159576231743e-03
1.277970581055e+03 -1.696204862098e-03
1.277059326172e+03 -4.426727982017e-03
1.276147949219e+03 -7.519637465013e-03
1.275236572266e+03 -8.821326317161e-04
1.274325195312e+03 3.796227873869e-03
1.273413818359e+03 1.749034845457e-03
1.272502441406e+03 5.051849605184e-03
1.271591064453e+03 -2.357023351088e-03
1.270679809570e+03 -7.250182972997e-03
1.269768432617e+03 2.744533669177e-03
1.268857055664e+03 2.644063836753e-03
1.267945678711e+03 -2.568077268984e-04
1.267034301758e+03 -3.600113264849e-04
1.266122924805e+03 -4.247686111025e-03
1.265211547852e+03 -2.811374082584e-03
1.264300292969e+03 -6.057530214017e-03
1.263388916016e+03 2.483764766410e-03
1.262477539062e+03 5.580848005249e-03
1.261566162109e+03 5.009178876381e-03
1.260654785156e+03 3.775250375772e-03
1.259743408203e+03 -3.454263374365e-03
1.258832031250e+03 9.190245409219e-05
1.257920776367e+03 8.385777871753e-03
1.257009399414e+03 -3.964802930322e-03
1.256098022461e+03 7.569463016505e-04
1.255186645508e+03 -4.016908836423e-03
1.254275268555e+03 4.459704134096e-03
1.253363891602e+03 9.895967715135e-04
1.252452514648e+03 -5.168925054013e-03
1.251541259766e+03 -9.596909025165e-03
1.250629882812e+03 -6.990229461809e-03
1.249718505859e+03 -1.857142059798e-03
1.248807128906e+03 7.403640145050e-03
1.247895751953e+03 -1.685464462227e-03
1.246984375000e+03 -4.709622129976e-03
1.246072998047e+03 5.500231050432e-03
1.245161743164e+03 -7.739829907875e-03
1.244250366211e+03 3.030190373342e-03
1.243338989258e+03 3.323387303849e-03
1.242427612305e+03 5.843610087432e-03
1.241516235352e+03 9.096808865608e-03
1.240604858398e+03 1.255231678502e-03
1.239693481445e+03 -1.135846668787e-02
1.238782226562e+03 -3.832208577024e-03
1.237870849609e+03 -6.078870108372e-03
1.236959472656e+03 -2.919900079179e-03
1.236048095703e+03 -1.319912138689e-03
1.235136718750e+03 -7.278721201434e-03
1.234225341797e+03 -2.174286945619e-03
1.233313964844e+03 6.707435449659e-03
1.232402709961e+03 4.142123895929e-03
1.231491333008e+03 1.643927056194e-03
1.230579956055e+03 -7.989638708040e-03
1.229668579102e+03 -7.133712630551e-03
1.228757202148e+03 2.832697764475e-04
1.227845825195e+03 1.243949710803e-03
1.226934448242e+03 -6.805253352102e-03
1.226023193359e+03 -1.345673982640e-03
1.225111816406e+03 -1.472783516265e-03
1.224200439453e+03 -3.431922837187e-03
1.223289062500e+03 4.091292814031e-04
1.222377685547e+03 -2.641384965471e-03
1.221466308594e+03 5.654295236216e-03
1.220554931641e+03 1.000818776937e-03
1.219643676758e+03 -6.264855205554e-03
1.218732299805e+03 -5.025392294205e-03
1.217820922852e+03 6.381982629635e-03
1.216909545898e+03 1.137896711037e-03
1.215998168945e+03 1.743776761864e-03
1.215086791992e+03 3.342446009130e-03
1.214175415039e+03 4.966979739550e-03
1.213264160156e+03 4.477588866239e-03
1.212352783203e+03 8.760405002889e-03
1.211441406250e+03 2.303388943405e-03
1.210530029297e+03 -8.787694394749e-04
1.209618652344e+03 5.204186686700e-03
1.208707275391e+03 9.588584759289e-04
1.207795898438e+03 2.659361250352e-03
1.206884643555e+03 1.573107317303e-03
1.205973266602e+03 -2.169917686531e-03
1.205061889648e+03 3.877202694991e-03
1.204150512695e+03 -1.588336602790e-04
1.203239135742e+03 -1.069075158353e-02
1.202327758789e+03 6.508986305407e-03
1.201416381836e+03 1.991881584363e-03
1.200505126953e+03 -4.169261653565e-04
1.199593750000e+03 -2.941663643368e-03
1.198682373047e+03 -1.232344566704e-03
1.197770996094e+03 -1.202893552694e-03
1.196859619141e+03 7.143546086103e-04
1.195948242188e+03 -1.964736078122e-04
1.195036865234e+03 1.426761098918e-03
1.194125610352e+03 2.167212112367e-03
1.193214233398e+03 1.794743861567e-03
1.192302856445e+03 4.819557418858e-03
1.191391479492e+03 -4.662214500618e-03
1.190480102539e+03 -3.399963301977e-03
