#title: Spectral profile - J0241-0815.ContLine.SPW3.clean.image-raster
#region (world): Point[[02:41:04.798, -08d15m20.751]]
#region (pixel): Point[[64, 64]]
#coordinate: world
#xLabel: radio velocity [km/s]
#yLabel: [Jy/beam] Mean

# J0241-0815.ContLine.SPW3.clean.image-raster
1.814958984375e+03 3.880711495876e-01
1.807667602539e+03 3.821576237679e-01
1.800376342773e+03 3.804923295975e-01
1.793084960938e+03 3.822110891342e-01
1.785793579102e+03 3.878632187843e-01
1.778502319336e+03 3.869195580482e-01
1.771210937500e+03 3.734043538570e-01
1.763919555664e+03 3.824636042118e-01
1.756628295898e+03 3.806349635124e-01
1.749336914062e+03 3.792251646519e-01
1.742045532227e+03 3.764178454876e-01
1.734754272461e+03 3.868927359581e-01
1.727462890625e+03 3.841163218021e-01
1.720171508789e+03 3.860599696636e-01
1.712880249023e+03 3.834204971790e-01
1.705588867188e+03 3.859089910984e-01
1.698297485352e+03 3.859024047852e-01
1.691006225586e+03 3.874498605728e-01
1.683714843750e+03 3.838880956173e-01
1.676423461914e+03 3.779851496220e-01
1.669132202148e+03 3.832711875439e-01
1.661840820312e+03 3.867329955101e-01
1.654549438477e+03 3.814029991627e-01
1.647258178711e+03 3.861967027187e-01
1.639966796875e+03 3.856210112572e-01
1.632675415039e+03 3.858283460140e-01
1.625384155273e+03 3.863826990128e-01
1.618092773438e+03 3.890123963356e-01
1.610801391602e+03 3.820417821407e-01
1.603510131836e+03 4.014806449413e-01
1.596218750000e+03 3.843190073967e-01
1.588927368164e+03 3.988236784935e-01
1.581635986328e+03 4.002684354782e-01
1.574344726562e+03 4.003922045231e-01
1.567053344727e+03 3.997933566570e-01
1.559761962891e+03 3.924813866615e-01
1.552470703125e+03 3.932773172855e-01
1.545179321289e+03 4.076496362686e-01
1.537887939453e+03 4.148149788380e-01
1.530596679688e+03 4.171317815781e-01
1.523305297852e+03 4.137723445892e-01
1.516013916016e+03 4.199392497540e-01
1.508722656250e+03 4.093739986420e-01
1.501431274414e+03 4.144304394722e-01
1.494139892578e+03 4.117138087749e-01
1.486848632812e+03 4.144216179848e-01
1.479557250977e+03 4.141856133938e-01
1.472265869141e+03 4.269202351570e-01
1.464974609375e+03 4.218836426735e-01
1.457683227539e+03 4.149384796619e-01
1.450391845703e+03 4.187982082367e-01
1.443100585938e+03 4.095584452152e-01
1.435809204102e+03 4.137971103191e-01
1.428517822266e+03 4.125436842442e-01
1.421226562500e+03 4.085240364075e-01
1.413935180664e+03 4.092705249786e-01
1.406643798828e+03 4.103497564793e-01
1.399352539062e+03 4.116756320000e-01
1.392061157227e+03 4.101991057396e-01
1.384769775391e+03 4.030186831951e-01
1.377478515625e+03 4.083546996117e-01
1.370187133789e+03 4.014513790607e-01
1.362895751953e+03 4.144289195538e-01
1.355604492188e+03 4.181051254272e-01
1.348313110352e+03 4.304783344269e-01
1.341021728516e+03 4.483169019222e-01
1.333730468750e+03 4.508834183216e-01
1.326439086914e+03 4.382031857967e-01
1.319147705078e+03 4.198578596115e-01
1.311856445312e+03 4.149338006973e-01
1.304565063477e+03 4.088151156902e-01
1.297273681641e+03 4.008557200432e-01
1.289982421875e+03 3.933688104153e-01
1.282691040039e+03 3.969239592552e-01
1.275399658203e+03 3.869211673737e-01
1.268108398438e+03 3.815293014050e-01
1.260817016602e+03 3.883649110794e-01
1.253525634766e+03 3.843517601490e-01
1.246234375000e+03 3.793259263039e-01
1.238942993164e+03 3.770600259304e-01
1.231651611328e+03 3.806645274162e-01
1.224360351562e+03 3.738567531109e-01
1.217068969727e+03 3.841916918755e-01
1.209777587891e+03 3.689655959606e-01
1.202486328125e+03 3.962914049625e-01
1.195194946289e+03 3.798308074474e-01
1.187903564453e+03 3.866082429886e-01
1.180612304688e+03 3.760167360306e-01
1.173320922852e+03 3.714281022549e-01
1.166029541016e+03 3.825611472130e-01
1.158738281250e+03 3.821594417095e-01
1.151446899414e+03 3.824017941952e-01
1.144155517578e+03 3.872850835323e-01
1.136864257812e+03 3.935989737511e-01
1.129572875977e+03 3.811196088791e-01
1.122281494141e+03 3.821902275085e-01
1.114990234375e+03 3.905153274536e-01
1.107698852539e+03 3.787118196487e-01
1.100407470703e+03 3.775365054607e-01
1.093116088867e+03 3.764535784721e-01
1.085824829102e+03 3.810575604439e-01
1.078533447266e+03 3.798469901085e-01
1.071242065430e+03 3.765112459660e-01
1.063950805664e+03 3.892872333527e-01
1.056659423828e+03 3.807122707367e-01
1.049368041992e+03 3.729727864265e-01
1.042076782227e+03 3.819060325623e-01
1.034785400391e+03 3.750649392605e-01
1.027494018555e+03 3.868067860603e-01
1.020202758789e+03 3.793520033360e-01
1.012911376953e+03 3.784998357296e-01
1.005620056152e+03 3.847168385983e-01
9.983287353516e+02 3.803903460503e-01
9.910373535156e+02 3.766803443432e-01
9.837460327148e+02 3.849711120129e-01
9.764546508789e+02 3.763929009438e-01
9.691633300781e+02 3.791211247444e-01
9.618720092773e+02 3.818804025650e-01
9.545806274414e+02 3.691745400429e-01
9.472893066406e+02 3.790317773819e-01
9.399979858398e+02 3.841833770275e-01
9.327066040039e+02 3.852640092373e-01
9.254152832031e+02 3.863567709923e-01
9.181239624023e+02 3.752582967281e-01
9.108325805664e+02 3.824511468410e-01
9.035412597656e+02 3.832646906376e-01
8.962499389648e+02 3.801636695862e-01
8.889585571289e+02 3.689927458763e-01
8.816672363281e+02 3.785926103592e-01
8.743759155273e+02 3.790082633495e-01
8.670845336914e+02 3.810247778893e-01
8.597932128906e+02 3.781794905663e-01
8.525018920898e+02 3.694820404053e-01
8.452105102539e+02 3.762076795101e-01
8.379191894531e+02 3.808003067970e-01
8.306278686523e+02 3.869032263756e-01
8.233364868164e+02 3.772748410702e-01
8.160451660156e+02 3.844535648823e-01
8.087538452148e+02 3.822878599167e-01
8.014624633789e+02 3.728341460228e-01
7.941711425781e+02 3.833892047405e-01
7.868798217773e+02 3.867950141430e-01
7.795884399414e+02 3.772994577885e-01
7.722971191406e+02 3.774138092995e-01
7.650057983398e+02 3.784259855747e-01
7.577144165039e+02 3.867484331131e-01
7.504230957031e+02 3.778668642044e-01
7.431317749023e+02 3.816361427307e-01
7.358403930664e+02 3.832282125950e-01
7.285490722656e+02 3.804121315479e-01
7.212576904297e+02 3.841235339642e-01
7.139663696289e+02 3.833408951759e-01
7.066750488281e+02 3.794630467892e-01
6.993836669922e+02 3.785998225212e-01
6.920923461914e+02 3.769887387753e-01
6.848010253906e+02 3.887351453304e-01
6.775096435547e+02 3.799012005329e-01
6.702183227539e+02 3.850210607052e-01
6.629270019531e+02 3.822601735592e-01
6.556356201172e+02 3.750785887241e-01
6.483442993164e+02 3.795311152935e-01
6.410529785156e+02 3.841799795628e-01
6.337615966797e+02 3.733578324318e-01
6.264702758789e+02 3.888743519783e-01
6.191789550781e+02 3.800258040428e-01
6.118875732422e+02 3.798980712891e-01
6.045962524414e+02 3.794307112694e-01
5.973049316406e+02 3.870820701122e-01
5.900135498047e+02 3.702652156353e-01
5.827222290039e+02 3.717759847641e-01
5.754309082031e+02 3.739748895168e-01
5.681395263672e+02 3.819008767605e-01
5.608482055664e+02 3.737498819828e-01
5.535568847656e+02 3.852795064449e-01
5.462655029297e+02 3.831177055836e-01
5.389741821289e+02 3.693025112152e-01
5.316828613281e+02 3.778535425663e-01
5.243914794922e+02 3.832231163979e-01
5.171001586914e+02 3.861396312714e-01
5.098088073730e+02 3.793335556984e-01
5.025174560547e+02 3.714058697224e-01
4.952261352539e+02 3.822911083698e-01
4.879347839355e+02 3.742291927338e-01
4.806434326172e+02 3.697192668915e-01
4.733521118164e+02 3.783549964428e-01
4.660607604980e+02 3.657039999962e-01
4.587694091797e+02 3.660089671612e-01
4.514780883789e+02 3.750359714031e-01
4.441867370605e+02 3.819611966610e-01
4.368953857422e+02 3.695510625839e-01
4.296040344238e+02 3.793152868748e-01
4.223127136230e+02 3.723868727684e-01
4.150213623047e+02 3.766808211803e-01
4.077300109863e+02 3.664036095142e-01
4.004386901855e+02 3.695163130760e-01
3.931473388672e+02 3.789778053761e-01
3.858559875488e+02 3.768466711044e-01
3.785646667480e+02 3.755237758160e-01
3.712733154297e+02 3.827783167362e-01
3.639819641113e+02 3.738657236099e-01
3.566906433105e+02 3.882260918617e-01
3.493992919922e+02 3.722755312920e-01
3.421079406738e+02 3.787457644939e-01
3.348166198730e+02 3.785725831985e-01
3.275252685547e+02 3.767688274384e-01
3.202339172363e+02 3.779773414135e-01
3.129425659180e+02 3.828382194042e-01
3.056512451172e+02 3.755556344986e-01
2.983598937988e+02 3.775449097157e-01
2.910685424805e+02 3.657618463039e-01
2.837772216797e+02 3.671937286854e-01
2.764858703613e+02 3.744770288467e-01
2.691945190430e+02 3.780184090137e-01
2.619031982422e+02 3.767278492451e-01
2.546118469238e+02 3.911324441433e-01
2.473205108643e+02 3.819729089737e-01
2.400291595459e+02 3.731611967087e-01
2.327378234863e+02 3.772783279419e-01
2.254464874268e+02 3.774310350418e-01
2.181551361084e+02 3.840438425541e-01
2.108638000488e+02 3.809677064419e-01
2.035724487305e+02 3.802980482578e-01
1.962811126709e+02 3.732645511627e-01
1.889897766113e+02 3.676286339760e-01
1.816984252930e+02 3.755651414394e-01
1.744070892334e+02 3.734528422356e-01
1.671157531738e+02 3.704448640347e-01
1.598244018555e+02 3.770535886288e-01
1.525330657959e+02 3.730159103870e-01
1.452417144775e+02 3.729074597359e-01
1.379503784180e+02 3.767046630383e-01
1.306590423584e+02 3.702836334705e-01
1.233676986694e+02 3.752940297127e-01
1.160763549805e+02 3.810054957867e-01
1.087850112915e+02 3.733799755573e-01
1.014936676025e+02 3.778076767921e-01
9.420233154297e+01 3.836418390274e-01
8.691098785400e+01 3.682644665241e-01
7.961964416504e+01 3.749820590019e-01
7.232830047607e+01 3.734284341335e-01
